0.360552 0.182184 0.0247732 0.0304679 0.0506356 0.0681527 0.109291 0.0662425 0.0158994 0.0918018 
0.00520425 0.0548286 0.612339 0.00210157 0.125489 0.0796636 0.0223126 0.00679975 0.0371093 0.0541525 
0.0881962 0.0201392 0.0163669 0.640247 0.00759086 3.55489e-005 0.0123627 0.0870366 0.0164672 0.111558 
0.00482832 0.00847401 0.0270173 0.00397972 0.035654 0.427147 0.0451453 0.0109643 0.419701 0.0170894 
0.00622207 0.0770959 0.0431796 0.0249967 0.576668 0.0594152 0.0747681 0.0767316 0.0291591 0.0317636 
0.015969 0.0361688 0.0227876 0.0293024 0.0717134 0.0018345 0.615578 0.0274023 0.112005 0.067239 
0.024913 0.0357609 0.0175044 0.0150215 0.0388491 0.048347 0.0447827 0.526606 0.207911 0.0403039 
0.0208351 0.0346051 0.0315467 0.00231619 0.00799387 0.070632 0.0311401 0.197104 0.0669493 0.536878 
0.0177833 0.574876 0.0558957 0.114412 0.014391 0.0444714 0.0038618 0.0196128 0.0810027 0.0736933 
0.000292008 0.0171286 0.183811 0.23386 0.170037 0.281169 0.0104028 0.0679478 0.00975308 0.0256002 
0.07477 0.0273451 0.265595 0.118131 0.0114081 0.0134271 0.0984069 0.00237716 0.335261 0.0532784 
0.00534915 0.179181 0.00382495 0.232216 0.0538764 0.0533639 0.191023 0.00731767 0.00352579 0.270322 
0.0285353 0.0497164 0.00210476 0.0191094 0.00795131 0.470771 0.237538 0.0378226 0.00895186 0.1375 
0.00285176 0.324996 0.0270177 0.00831405 0.0384589 0.00455823 0.260167 0.267433 0.0193067 0.0468972 
0.182612 0.0278736 0.344327 0.0375492 0.0757275 0.0319159 0.00238131 0.263194 0.0329003 0.00151874 
0.00760211 0.0818258 0.0294181 0.0127323 0.325365 0.0360301 0.0477742 0.0257816 0.35084 0.0826303 
0.0260056 0.00368571 0.24364 0.018262 0.230917 0.075895 0.328116 0.0123707 0.0200049 0.0411021 
0.0558576 0.247979 0.163949 0.004357 0.231934 0.00724358 0.00754476 0.109349 0.0147092 0.157077 
0.0406423 0.00274043 0.0201384 0.250764 0.109394 0.00781165 0.213684 0.290246 0.00598163 0.0585974 
0.086122 0.325867 0.0691353 0.00418025 0.0727752 0.319573 0.0233279 0.0391251 0.0106538 0.0492409 
0.0182974 0.325971 0.033005 0.012021 0.00353702 0.0155994 0.0138024 0.0085492 0.198586 0.370632 
0.00508846 0.0376641 0.0112063 0.0783301 0.00400661 0.426552 0.00924691 0.329046 0.0510978 0.0477613 
0.0349344 0.141007 0.0222861 0.00407705 0.0396217 0.0771044 0.0464843 0.00194609 0.59767 0.0348687 
0.238973 0.00420669 0.00673159 0.3059 0.0767424 0.0150328 0.0179138 0.0542626 0.252669 0.0275683 
0.394902 0.0139195 0.00197264 0.0323486 0.342893 0.00564191 0.00269962 0.0709633 0.122961 0.0116985 
0.148982 0.00218701 0.346628 0.020849 0.0116319 0.0389061 0.101505 0.00772654 0.0545487 0.267036 
0.0642918 0.000336694 0.443463 0.309208 0.0264085 0.0306504 0.0787832 0.0123808 0.0106406 0.0238368 
0.0106813 0.292783 0.0250772 0.308071 0.0485897 0.125096 0.0159689 0.126914 0.0456665 0.00115293 
0.631597 0.00648127 0.15263 0.0733405 0.0316625 0.0153636 0.00564557 0.0391628 0.0190748 0.0250416 
0.00459754 0.00208377 0.0255725 0.0366214 0.0532662 0.0672905 0.327153 0.179641 0.275333 0.0284408 
0.0153073 0.0426227 0.0671618 0.403801 0.299705 0.0205412 0.085688 0.0130193 0.03551 0.0166435 
0.0639614 0.0259082 0.104215 0.0155942 0.0992043 0.313765 0.0160672 0.0120091 0.0159357 0.33334 
0.134552 0.252722 0.00115538 0.0770282 0.00510803 0.0840958 0.073174 0.0745782 0.286612 0.0109735 
0.24275 0.0274036 0.0777817 0.105617 0.0132953 0.418682 0.0154707 0.0380824 0.0567057 0.00421086 
0.0357122 0.0494361 0.00879361 0.0252313 0.253921 0.0184499 0.108316 0.000531681 0.14295 0.356658 
0.232761 0.00640594 0.00984359 0.0862688 0.0190221 0.114187 0.3728 0.00659459 0.075279 0.0768382 
0.168928 0.0119751 0.0585774 0.0438282 0.00236269 0.0700837 0.0178014 0.111625 0.264424 0.250395 
0.0130652 0.00494337 0.097849 0.0339946 0.159683 0.0432276 0.0465519 0.318219 0.0347786 0.247687 
0.129382 0.0397423 0.0141282 0.0267128 0.27467 0.203772 0.0844992 0.104143 0.068007 0.0549435 
0.00342145 0.271381 0.381462 0.0329651 0.0196304 0.134229 0.00200656 0.0295253 0.0514215 0.0739586 
0.473195 0.0263917 0.016516 0.0290058 0.102466 0.0174294 0.0159784 0.300485 0.0135362 0.00499703 
0.0305123 0.0506697 0.00741271 0.326134 0.00863508 0.293807 0.0763006 0.00952641 0.192545 0.00445718 
0.173418 0.154018 0.0515283 0.0509828 0.0364903 0.0870668 0.0265304 0.310553 0.0711048 0.0383082 
0.00552324 0.0192307 0.027446 0.297967 0.0378753 0.00167059 0.447796 0.00903592 0.061056 0.0923993 
0.0529891 0.0500131 0.289805 0.0467071 0.341402 0.0647721 0.0166565 0.0215323 0.0961647 0.0199587 
0.112204 0.176583 0.200745 0.0808998 0.0264951 0.0231121 0.186559 0.0688675 0.0777557 0.046778 
0.25277 0.0176573 0.0223709 0.180389 0.0550928 0.107956 0.0287166 0.0555036 0.00150255 0.278041 
0.00208678 0.0250636 0.149078 0.0353487 0.0188784 0.0920126 0.299553 0.0021559 0.0373474 0.338475 
0.0794679 0.120923 0.0088714 0.157854 0.0481703 0.239412 0.215292 0.127493 0.00225864 0.000259002 
0.0633971 0.327786 0.020547 0.0625559 0.00694991 0.00831992 0.413385 0.0122157 0.0832214 0.00162264 
0.0254581 0.025793 0.117412 0.028257 0.0967334 0.00215092 0.00612684 0.279882 0.353629 0.0645575 
0.00393642 0.132271 0.0569039 0.341372 0.0310493 0.00411773 0.18486 0.0387275 0.182701 0.024062 
0.0304056 0.0231269 0.217759 0.247305 0.00117311 0.0129559 0.0311359 0.204995 0.160384 0.0707587 
0.0138701 0.00892148 0.0132101 0.364018 0.0161286 0.034614 0.0141616 0.265472 0.037576 0.232027 
0.060387 0.0519619 0.49828 0.0210552 0.0454178 0.013554 0.277171 0.00868177 0.00670383 0.0167875 
0.0280112 0.347929 0.026723 0.0733019 0.243619 0.0303795 0.00539772 0.00402377 0.227412 0.0132038 
0.36359 0.0425182 0.233802 0.00409835 0.0151454 0.0114145 0.0178158 0.11773 0.176218 0.0176678 
0.0262803 0.143009 0.027055 0.0207301 0.272849 0.0130704 0.272133 0.00029534 0.144937 0.079641 
0.17329 0.428893 0.132867 0.00347342 0.00954206 0.080009 0.129881 0.0363837 0.00109599 0.00456437 
0.263675 0.0361981 0.00752731 0.00657507 0.00726997 0.0290712 0.0586536 0.0355325 0.0168732 0.538624 
0.0459456 0.217736 0.0525344 0.0552191 0.0244408 0.143704 0.0357598 0.148917 0.00554933 0.270194 
0.0343452 0.0401228 0.17042 0.0421264 0.176536 0.03084 0.00590426 0.487213 0.0025282 0.00996445 
0.180269 0.0768695 0.2834 0.0301891 0.0236376 0.236643 0.0441801 0.0393933 0.0484432 0.0369757 
0.0354153 0.0227578 0.141883 0.01916 0.145581 0.199989 0.083259 0.0672465 0.279548 0.00516035 
0.299959 0.0112073 0.0040946 0.177178 0.040847 0.00574971 0.156859 0.209943 0.0602992 0.0338632 
0.189086 0.0925271 0.171 0.304539 0.0807193 0.0837481 0.00251972 0.0282962 0.0475108 5.35099e-005 
0.150815 0.0541791 0.0185882 0.20775 0.205059 0.0285086 0.190634 0.0368774 0.0186261 0.0889616 
0.0222902 0.0419876 0.0749066 0.290722 0.0381747 0.0272379 0.0119957 0.0023149 0.126209 0.364161 
0.446512 0.0173678 0.021918 0.14758 0.0215785 0.223053 0.0343836 0.0539473 0.0108598 0.0228009 
0.200227 0.257189 0.0383803 0.146091 0.191005 0.102841 0.00680263 0.00866605 0.0125837 0.0362139 
0.0110147 0.0194083 0.0119464 0.0166475 0.0374173 0.0614097 0.386037 0.292217 0.0389061 0.124995 
0.0113794 0.102291 0.0110571 0.141507 0.329322 0.0114612 0.0142837 0.14932 0.00266653 0.226712 
0.0051753 0.0430189 0.0809248 0.252938 0.236071 0.0109257 0.0441701 0.0402873 0.278932 0.00755613 
0.0276978 0.0130382 0.221528 0.057577 0.0075275 0.183396 0.0155971 0.300016 0.0661719 0.107451 
0.0377734 0.030344 0.0247321 0.0591274 0.0912074 0.58551 0.00530916 0.0391015 0.0368155 0.0900798 
0.156839 0.0123244 0.0105569 0.0503376 0.0111147 0.0900373 0.150426 0.0696348 0.396397 0.0523331 
0.283728 0.0556068 0.0880614 0.00506116 0.178361 0.0182037 0.00595339 0.00809754 0.140228 0.216699 
0.0181365 0.0355717 0.00236651 0.180958 0.0872496 0.130092 0.0597535 0.192583 0.154967 0.138322 
0.261451 0.0601395 0.199883 0.0561525 0.194582 0.0559816 0.116911 0.00651852 0.000405186 0.0479753 
0.139519 0.177308 0.00121421 0.00584962 0.0235007 0.132195 0.161742 0.00726952 0.149653 0.201749 
0.116609 0.00303141 0.146429 0.346541 0.0233704 0.00744905 0.253896 0.081726 0.00198741 0.0189603 
0.083693 0.00515435 0.233494 0.00885376 0.00257798 0.0336285 0.258461 0.255014 0.0421249 0.0769983 
0.00905742 0.0309785 0.518137 0.0432301 0.00167821 0.025393 0.00522814 0.172774 0.16926 0.024263 
0.0702556 0.0140094 0.164364 0.421772 0.0146723 0.0565435 0.0464759 0.0113916 0.0197257 0.180789 
0.0158743 0.0894378 0.0983355 0.0294129 0.0227241 0.202551 0.398729 0.00488059 0.0912369 0.0468178 
0.100335 0.000211032 0.0444427 0.0113993 0.00889594 0.181135 0.17017 0.401624 0.00679863 0.0749894 
0.209617 0.00884798 0.0240652 0.040129 0.0135005 0.270736 0.0223362 0.183496 0.0741759 0.153096 
0.0190727 0.0787699 0.123639 0.00790191 0.183879 0.372953 0.0564146 0.00715582 0.0750508 0.0751634 
0.315762 0.0457484 0.101632 0.0287651 0.0300671 0.247724 0.213695 0.0133649 0.000412235 0.00283052 
0.304405 0.00370951 0.0295952 0.0082998 0.160206 0.11087 0.159875 0.061413 0.16088 0.000747525 
0.033248 0.134168 0.19372 0.0239501 0.0419897 0.0132158 0.0836982 0.0375702 0.0410489 0.397391 
0.157603 0.0319594 0.116889 0.0072525 0.240322 0.00885945 0.031566 0.147499 0.232858 0.0251921 
0.104623 0.00673617 0.180839 0.173576 0.128431 0.000597328 0.0432286 0.0337676 0.139116 0.189085 
0.0192348 0.289895 0.0167235 0.00302526 0.273096 0.102933 0.022371 0.231927 0.0308864 0.00990793 
0.0654795 0.00537838 0.104139 0.108498 0.398858 0.00126824 0.105738 0.202831 0.00470307 0.00310772 
0.0133741 0.189185 0.215008 0.0669508 0.117193 0.0153949 0.0012003 0.190418 0.167056 0.0242203 
0.0105603 0.262252 0.16509 0.193995 0.189189 0.0130647 0.0916284 0.00836151 0.0495174 0.0163411 
0.00367867 0.125251 0.0570559 0.237369 0.00599055 0.0539097 0.0383693 0.378746 0.0470626 0.0525672 
0.0173352 0.00804187 0.0524137 0.28642 0.0377861 0.026082 0.00633727 0.0735341 0.311529 0.180521 
0.0395249 0.00381961 0.0113461 0.00728793 0.0564686 0.0496286 0.190133 0.166097 0.128854 0.346841 
0.170899 0.24567 0.0764981 0.194673 0.00314633 0.00800442 0.0303434 0.112333 0.00659474 0.151838 
0.0337954 0.10213 0.0068739 0.0932991 0.229135 0.00125779 0.0138029 0.351201 0.119069 0.0494349 
0.00413726 0.0220322 0.0139968 0.0105858 0.292209 0.0723435 0.323521 0.188525 0.0470493 0.0255997 
0.0413801 0.348641 0.00331026 0.05176 0.0337258 0.166961 0.0102566 0.245845 0.0450497 0.0530711 
0.00651442 0.0251751 0.218702 0.0482042 0.00356052 0.000414714 0.0710011 0.206266 0.186079 0.234083 
0.0168569 0.119798 0.108696 0.0320307 0.159599 0.00357028 0.208256 0.170022 0.00822064 0.17295 
0.00239787 0.0119457 0.207228 0.0633571 0.025598 0.443781 0.050963 0.17285 0.00917594 0.0127041 
0.010651 0.356935 0.0139569 0.0590984 0.104487 0.0305291 0.199442 0.0546767 0.0219802 0.148244 
0.00783855 0.0235184 0.217657 0.0200148 0.313688 0.0344276 0.0139499 0.0403155 0.0710165 0.257574 
0.0887206 0.107902 0.157799 0.00339322 0.15162 0.173106 0.122287 0.0129839 0.00138919 0.180799 
0.208891 0.128268 0.0544381 0.0046115 0.404934 0.0661443 0.0338712 0.00448152 0.0217854 0.0725748 
0.0178154 0.00755113 0.224574 0.114146 0.027661 0.0145614 0.429572 0.0309776 0.100139 0.0330024 
0.266283 0.165369 0.131942 0.0103911 0.00605961 0.154716 0.00864479 0.00123785 0.179675 0.0756814 
0.172656 0.006388 0.164232 0.00241643 0.00238925 0.0880004 0.0941431 0.250498 0.211246 0.00803104 
0.00290861 0.133255 0.0359912 0.499754 0.100146 0.0728861 0.0246689 0.0730519 0.0505079 0.00683043 
0.0533331 0.0368494 0.0434652 0.183806 0.0191876 0.264941 0.113653 0.0390365 0.0338183 0.21191 
0.0157165 0.183794 0.00775496 0.0117035 0.0376009 0.241596 0.0388781 0.0412148 0.289051 0.13269 
0.00881865 0.189921 0.0945115 0.00495983 0.033359 0.016632 0.090059 0.426893 0.0100629 0.124784 
0.0289211 0.000928662 0.0675523 0.0778326 0.0464004 0.0424342 0.0218298 0.0337816 0.453178 0.227142 
0.173036 0.0112598 0.00621432 0.353083 0.0169473 0.176665 0.0971062 0.111521 0.0433261 0.01084 
0.020868 0.0425907 0.430886 0.110902 0.0202631 0.148603 0.0161594 0.0693708 0.0306154 0.109742 
0.052475 0.0523113 0.356371 0.0257269 0.124675 0.101956 0.0175905 0.0432993 0.205714 0.0198805 
0.000710348 0.0402652 0.0299857 0.157178 0.125161 0.0485983 0.225576 0.021209 0.195112 0.156204 
0.0440586 0.0596702 0.273021 0.221142 0.17429 0.0122349 0.147589 0.0637623 0.00303534 0.00119731 
0.00152314 0.183175 0.128628 0.0880116 0.288838 0.203014 0.00121084 0.0129588 0.0253024 0.067338 
0.0217922 0.338681 0.0844391 0.058582 0.414224 0.0103562 0.00255624 0.00350045 0.0555032 0.0103662 
0.296651 0.0696651 0.202191 0.0901391 0.0123383 0.0167998 9.10897e-005 0.0858345 0.0389503 0.187341 
0.0607075 0.0122733 0.282975 0.0833498 0.0101899 0.152443 0.253021 0.0574592 0.0143963 0.0731856 
0.0771742 0.00973911 0.0722365 0.116368 0.384153 0.0693168 0.0104599 0.0318259 0.150474 0.0782534 
0.464435 0.060953 0.0313936 0.00634473 0.00467525 0.0585081 0.207082 0.0056458 0.140017 0.0209453 
0.000542844 0.0011131 0.389499 0.0909898 0.253944 0.026208 0.00389648 0.195122 0.0260489 0.0126352 
0.00616369 0.023118 0.00652652 0.132005 0.00743408 0.303235 0.18575 0.0202309 0.291279 0.0242569 
0.0194947 0.397493 0.161142 0.00426346 0.00377386 0.0227754 0.163563 0.0433961 0.178368 0.00573007 
0.359565 0.0341155 0.0077509 0.0104328 0.00727974 0.0514839 0.0218672 0.169862 0.0323716 0.305272 
0.12821 0.0297983 0.0122332 0.0174338 0.276497 0.0384142 0.436077 0.0135737 0.0225141 0.0252485 
0.0398705 0.233069 0.0293577 0.00241923 0.0527766 0.03901 0.0515222 0.163969 0.200356 0.187649 
0.185296 0.0527087 0.00354614 0.015795 0.0793487 0.0196119 0.271142 0.212799 0.145035 0.0147172 
0.204465 0.220883 0.011609 0.0835146 0.022068 0.0519605 0.0308994 0.0105676 0.0253458 0.338687 
0.0233259 0.0355023 0.0320944 0.0327098 0.176909 0.256651 0.0281546 0.218239 0.0117112 0.184703 
0.000738288 0.215744 0.0727321 0.0280517 0.188584 0.0929253 0.0126486 0.00471581 0.0487022 0.335157 
0.0222237 0.0187677 0.0056296 0.155967 0.152457 0.17669 0.0137244 0.022219 0.301598 0.130723 
0.180542 0.106417 0.0342696 0.000893824 0.12356 0.305074 0.0221259 0.018265 0.187157 0.0216945 
0.059159 0.266527 0.0495853 0.266791 0.0045622 0.00208339 0.00124859 0.0708029 0.220984 0.0582565 
0.303397 0.228432 0.194832 0.0541179 0.0624766 0.00178887 0.00100729 0.129913 8.11189e-005 0.0239541 
0.0147429 0.0697289 0.220119 0.148498 0.0562202 0.157682 0.0116562 0.0088589 0.0190231 0.293471 
0.00399377 0.12569 0.110553 0.261691 0.165678 0.0309546 0.0586312 0.183147 0.0116712 0.04799 
0.00468403 0.0446174 0.0439677 0.0255549 0.015068 0.187834 0.0818595 0.0387988 0.231898 0.325717 
0.0104394 0.00553425 0.0387467 0.507439 0.0259657 0.0390139 0.210626 0.0394151 0.0516306 0.0711898 
0.0764897 0.31114 0.236414 0.0183914 0.022008 0.0719904 0.0498191 0.186396 0.0193688 0.00798343 
0.116384 0.29481 0.183978 0.00903266 0.126292 0.0665474 0.0245381 0.00391233 0.169336 0.00516972 
0.216804 0.057871 0.100223 0.181699 0.0111558 0.0736632 0.135859 0.0512302 0.160712 0.0107827 
0.013436 0.00250396 0.360816 0.0839262 0.174246 0.0283323 0.103482 0.0498315 0.010249 0.173178 
0.0304767 0.0497922 0.0194366 0.179155 0.0100285 0.0747327 0.0317602 0.185018 0.0525025 0.367098 
0.049311 0.112067 0.0965249 0.032384 0.0393471 0.287973 0.0390082 0.201648 0.115817 0.0259202 
0.168077 0.14243 0.00384358 0.361694 0.00974495 0.0140191 0.131684 0.0316244 0.043683 0.0932006 
0.166396 0.0260924 0.0704888 0.0768209 0.0228338 0.109951 0.164197 0.160215 0.00697834 0.196028 
0.212392 0.0056662 0.14201 0.176299 0.0869243 0.0234702 0.00867427 0.312564 0.02638 0.00562 
0.207631 0.306839 0.00371709 0.0635267 0.0107557 0.0184166 0.201899 0.132034 0.00215894 0.0530216 
0.0891889 0.0327398 0.0256448 0.341945 0.156478 0.000699011 0.004186 0.0560096 0.116108 0.177001 
0.184725 0.106415 0.0174526 0.0156206 0.00360299 0.0537786 0.565532 0.0327656 0.0143994 0.00570797 
0.0661019 0.428342 0.0540563 0.0414523 0.0379152 0.00431926 0.000137982 0.0361808 0.00227903 0.329216 
0.382126 0.0191231 0.00485297 0.0402807 0.0597615 0.00203426 0.189236 0.00474621 0.0859639 0.211876 
0.263997 0.202363 0.00236591 0.0875103 0.151991 0.00962983 0.00176263 0.0417068 0.230469 0.0082044 
0.00569758 0.220628 0.0176761 0.0344151 0.0485093 0.0549874 0.246449 0.0328302 0.326906 0.0119006 
0.00336437 0.0412844 0.20869 0.198614 0.11043 0.106786 0.108047 0.0065716 0.188457 0.0277563 
0.337381 0.049566 0.0860014 0.179394 0.040752 0.00662789 0.209505 0.0138098 0.00324209 0.0737214 
0.158593 0.0259759 0.00281009 0.0113056 0.285872 0.0395921 0.0070228 0.145668 0.130355 0.192805 
0.177713 0.0697892 0.360689 0.116114 0.0579075 0.0451178 0.0998121 0.0236385 0.0300918 0.0191281 
0.196481 0.193656 0.0117802 0.00641189 0.0895648 0.017861 0.331109 0.000239461 0.126922 0.0259731 
0.0953345 0.131585 0.0208098 0.00661645 0.0241656 0.0216284 0.0553178 0.00343327 0.13904 0.502068 
0.0365699 0.0111766 0.0226966 0.0244639 0.0912321 0.167991 0.281282 0.103806 0.0927407 0.168042 
0.0160955 0.0611745 0.0515179 0.140938 0.218291 0.188875 0.00120267 0.0442679 0.0230093 0.254629 
0.0240662 0.397994 0.185238 0.0452316 0.043705 0.0551261 0.0115855 0.030446 0.071357 0.13525 
0.0189755 0.0499402 0.042884 0.00615657 0.0236619 0.123702 0.147271 0.273887 0.207591 0.105931 
0.289526 0.376659 0.00435756 0.00533886 0.000691699 0.0682279 0.0229881 0.0957439 0.0560369 0.0804305 
0.0112273 0.0906451 0.0158774 0.282819 0.0241181 0.240196 0.0415322 0.217948 0.0435576 0.0320797 
0.0148681 0.03072 0.012828 0.203167 0.0344732 0.123622 0.379203 0.149696 0.0172718 0.0341515 
0.0171118 0.262119 0.0043378 0.243614 0.129915 0.00913473 0.00691497 0.0753937 0.00348899 0.24797 
0.053161 0.152401 0.00951365 0.036934 0.18661 0.0850391 0.00426561 0.0114994 0.228734 0.231843 
0.166634 0.0263455 0.111722 0.0211084 0.131042 0.0762293 0.00621055 0.0313897 0.0038102 0.425508 
0.0123267 0.244847 0.123159 0.122998 0.00338595 0.20993 0.0337705 0.08288 0.0712447 0.0954582 
0.0961423 0.0028415 0.201575 0.0164242 0.0144093 0.364363 0.110216 0.00562342 0.009538 0.178867 
0.00319326 0.132877 0.0889546 0.140416 0.0218009 0.0139704 0.33157 0.0639523 0.0698981 0.133368 
0.00866965 0.168118 0.0898899 0.143362 0.0407956 0.40223 0.0604911 0.0266867 0.031201 0.0285567 
0.0154016 0.0315123 0.0937598 0.010046 0.0252596 0.0053829 0.468302 0.00938778 0.265726 0.0752216 
0.049979 0.0418524 0.0392266 0.13609 0.215324 0.231254 0.21832 0.00358124 0.0504921 0.0138803 
0.0225566 0.105338 0.124286 0.108716 0.0102453 0.0878261 0.0770726 0.16566 0.296174 0.00212538 
0.163807 0.409176 0.0921528 0.196975 0.0188196 0.010969 0.00708948 0.0247746 0.0492967 0.0269402 
0.0468392 0.0207396 0.0497735 0.0198175 0.0588043 0.447585 0.000252658 0.056614 0.217453 0.0821207 
0.105094 0.0584795 0.089788 0.0197922 0.19737 0.175782 0.0231284 0.285756 0.0425075 0.00230209 
0.291691 0.0504251 0.0154634 0.183224 0.24396 0.0447514 0.00308884 0.0996836 0.0482539 0.019459 
0.0368696 0.141271 0.429769 0.11053 0.0960608 0.00023813 0.0160751 0.132362 0.0317108 0.00511406 
0.21544 0.223271 0.00300461 3.48982e-005 0.0207614 0.232718 0.0125341 0.0755819 0.0104806 0.206174 
0.00563944 0.146514 0.231429 0.168925 0.0125046 0.0417172 0.0914301 0.11091 0.013389 0.177542 
0.110845 0.303089 0.0254232 0.0112612 0.268595 0.0128302 0.135014 0.0180704 0.0281295 0.0867435 
0.000850107 0.0286466 0.200798 0.216142 0.00258425 0.0785801 0.214414 0.172372 0.0776826 0.00792985 
0.195527 0.221908 0.289646 0.0104957 0.131816 0.114307 0.0124643 0.00851562 0.00617238 0.00914845 
0.334444 0.0680191 0.149077 0.0022038 0.0216471 0.0273588 0.00218027 0.306179 0.00878907 0.0801016 
0.343588 0.0250379 0.0621954 0.25038 0.0166008 0.0100784 0.0218894 0.027756 0.113932 0.128542 
0.416219 0.0807592 0.0040205 0.00283649 0.0159386 0.177398 0.0278588 0.110016 0.150664 0.014289 
0.104555 0.183812 0.085407 0.0191638 0.0872391 0.00546242 0.0614129 0.00343847 0.417201 0.0323085 
0.0347868 0.0134081 0.308221 0.000120729 0.0680446 0.0226467 0.0856735 0.238089 0.18169 0.0473191 
0.00157939 0.0790582 0.228636 0.0179484 0.103802 0.0374006 0.20868 0.0843294 0.209252 0.0293138 
0.184299 0.0213432 0.11839 0.0278194 0.272809 0.0149046 0.0951689 0.00700602 3.22825e-005 0.258228 
0.107552 0.125939 0.0029493 0.0261046 0.357357 0.0330951 0.0153122 0.235201 0.0251236 0.0713666 
0.342786 0.0225163 0.0723479 0.00647483 0.275534 0.143287 0.0244828 0.043418 0.00372566 0.0654282 
0.0424364 0.133747 0.298488 0.247514 0.0130877 0.113365 0.0521479 0.022966 0.0482557 0.0279927 
0.0253216 0.0161166 0.0105617 0.0134859 0.148525 0.00393483 0.129997 0.158202 0.427741 0.0661149 
0.124366 0.0287486 0.165784 0.151556 0.0501018 0.175685 0.103772 0.129174 0.0276962 0.0431155 
0.0463509 0.0266861 0.0467472 0.419265 0.00773415 0.0417135 0.099201 0.218547 0.0479209 0.0458348 
0.119185 0.0295812 0.142402 0.0448019 0.255747 0.00209577 0.187586 0.114421 0.0775488 0.0266309 
0.00333583 0.0948963 0.061358 0.0355837 0.0114052 0.00477873 0.0290186 0.1647 0.201159 0.393765 
0.0194297 0.154629 0.0311403 0.03982 0.172599 0.0140987 0.344122 0.00181465 0.0139245 0.208423 
0.0481511 0.0175227 0.212901 0.0561236 0.0793062 0.120883 0.00987879 0.0285811 0.262231 0.164421 
0.495292 0.131769 0.00180409 0.151568 0.0188194 0.001158 0.0826986 0.0102299 0.0905413 0.016119 
0.529727 0.0182474 0.0041399 0.0519326 0.121801 0.0939607 0.00461444 0.0438504 0.0444413 0.0872854 
0.187465 0.0663483 0.0448643 0.0187247 0.0438725 0.0219657 0.0489919 0.496231 0.038263 0.0332734 
0.0313696 0.0484394 0.0359407 0.191169 0.501234 0.0113594 0.0231364 0.0139866 0.013996 0.129369 
0.087732 0.127176 0.00128204 0.101503 0.145432 0.0774764 0.165578 0.129078 0.12539 0.039353 
0.146685 0.0466745 0.0702135 0.0748572 0.0910686 0.238548 0.00131922 0.00275991 0.136191 0.191683 
0.158483 0.0142996 0.0257216 0.0205983 0.0491747 0.041357 0.342104 0.0468846 0.0477307 0.253647 
0.298526 0.0438896 0.137195 0.0685252 0.0612259 0.239556 0.0165139 0.00780423 0.010157 0.116608 
0.00143881 0.0218731 0.167209 0.392717 0.0991353 0.178439 0.0313643 0.0153448 0.0759363 0.0165421 
0.0195272 0.0241869 0.0114885 0.075579 0.477343 0.0425237 0.246356 0.0273008 0.0297574 0.0459371 
0.0929452 0.066394 0.0630099 0.131075 0.0328705 0.097417 0.128614 0.0187466 0.000599507 0.368328 
0.0704548 0.281763 0.0313199 0.0630587 0.119776 0.00167645 0.0631559 0.189968 0.17657 0.0022577 
0.217592 0.0643777 0.258648 0.0390145 0.0267717 0.00154657 0.0546098 0.0113037 0.203223 0.122912 
0.141855 0.170181 0.00398761 0.0660677 0.109963 0.198566 0.0670806 0.167765 0.00587888 0.0686552 
0.0902495 0.00426263 0.212118 0.147487 0.00555718 0.368928 0.0641667 0.0169004 0.0686623 0.021668 
0.00124227 0.24555 0.144894 0.00151754 0.068751 0.123796 0.210279 0.00402997 0.0667049 0.133235 
0.0493527 0.0195806 0.147639 0.0911414 0.0983321 0.0257781 0.0697998 0.337365 0.139617 0.0213943 
0.119723 0.07049 0.332733 0.0494486 0.00190912 0.0209292 0.0842814 0.162868 0.0150327 0.142584 
0.000906055 0.0094386 0.112663 0.135818 0.015919 0.0239869 0.139843 0.0641201 0.445275 0.0520306 
0.171273 0.182993 0.0243751 0.236032 0.0197079 0.182901 0.0440742 0.082476 0.0463736 0.00979427 
0.167835 0.0331157 0.0379821 0.224629 0.00426491 0.00621126 0.0163941 0.200291 0.0821516 0.227125 
0.00416597 0.0717319 0.0841926 0.0803177 0.367013 0.00199025 0.128427 0.00152827 0.00133574 0.259297 
0.0799538 0.0539138 0.0646725 0.000317559 0.0788645 0.347649 0.278538 0.0802651 0.00666071 0.00916516 
0.00127032 0.166653 0.084257 0.114162 0.304408 0.00680325 0.123077 0.109736 0.0633818 0.0262513 
0.32363 0.0228226 0.0375819 0.0177159 0.216625 0.0236896 0.187808 0.161004 0.00422006 0.00490193 
0.0781288 0.0892936 0.0488136 0.300615 0.192618 0.19363 0.0584716 0.0230278 0.0129472 0.00245467 
0.218987 0.00582432 0.255485 0.0118871 0.0316165 0.0498792 0.229185 0.0323917 0.0345345 0.13021 
0.152576 0.0497391 0.00101522 0.0986601 0.00681523 0.024491 0.215425 0.0888833 0.204799 0.157597 
0.172909 0.0099883 0.00934659 0.155832 0.0314647 0.193074 0.0557253 0.151273 0.209395 0.0109918 
0.0298733 0.048775 0.223768 0.0498148 0.241851 0.191315 0.0121067 0.152432 0.0155011 0.034563 
0.061628 0.159352 0.0202834 0.105404 0.0189532 0.000337283 0.159452 0.284977 0.12569 0.0639235 
0.0768578 0.165607 0.325501 0.0170066 0.139642 0.0133992 0.0937881 0.00227557 0.0678835 0.0980401 
0.00680745 0.0208524 0.385625 0.152913 0.0585071 0.0369486 0.139129 0.0490922 0.131528 0.0185968 
0.0122348 0.0375554 0.291879 0.0398359 0.11136 0.283043 0.0352036 0.020457 0.130008 0.0384233 
0.403056 0.0195045 0.163593 0.0569834 0.0380448 0.0785382 0.0859201 0.115348 0.0137859 0.0252262 
0.214286 0.0364128 0.145502 0.0211528 0.173442 0.137149 0.00431908 0.110107 0.0949522 0.0626775 
0.0266935 0.0316867 0.0310368 0.0085251 0.0446948 0.236426 0.0322533 0.169569 0.0148262 0.404288 
0.000375564 0.308228 0.0464052 0.16028 0.188747 0.0981338 0.00249599 0.0971072 0.0164162 0.0818109 
0.0222569 0.0931563 0.000300434 0.0594535 0.23618 0.0886892 0.198088 0.00400758 0.295373 0.00249464 
0.00789773 0.07615 0.00561426 0.112223 0.0268243 0.170305 0.243694 0.297107 0.0388121 0.0213733 
0.0397552 0.0442505 0.136777 0.160187 0.035295 0.272202 0.0220756 0.0794513 0.208301 0.00170631 
0.0344187 0.0250471 0.00520828 0.203535 0.0467958 0.0541997 0.185568 0.156902 0.253042 0.0352839 
0.00248285 0.28819 0.0268075 0.212343 0.0431982 0.0199409 0.229041 0.00552582 0.0928113 0.0796603 
0.1531 0.00965261 0.00944893 0.037162 0.0150079 0.0215048 0.0883423 0.354124 0.260896 0.0507612 
0.0296611 0.0911135 0.0288267 0.0258998 0.187794 0.0798393 0.0291319 0.209285 0.209977 0.108472 
0.314045 0.0310752 0.0709024 0.0588216 0.0190427 0.115208 0.0539676 0.04928 0.278561 0.00909719 
0.0205396 0.00261061 0.0371379 0.0134942 0.0803841 0.591888 0.196834 0.00484981 0.0467286 0.00553322 
0.133149 0.00521478 0.179392 0.103956 0.0412653 0.0125677 0.0558422 0.174607 0.0025358 0.29147 
0.160603 0.201225 0.0388007 0.125694 0.137012 0.00826354 0.134254 0.0150603 0.00508162 0.174006 
0.171523 0.0907897 0.00189833 0.21151 0.0180423 0.128002 0.027131 0.0161491 0.212989 0.121965 
0.190583 0.233025 0.027233 0.000286393 0.014816 0.0303042 0.037944 0.00878769 0.261816 0.195205 
0.0134051 0.349134 0.000102498 0.0150562 0.030605 0.0505495 0.0117764 0.0544468 0.32004 0.154885 
0.0241675 0.184705 0.00808429 0.144203 0.0447723 0.0217957 0.00952873 0.261334 0.0652174 0.236192 
0.00191742 0.0261904 0.036381 0.256757 0.116762 0.000650933 0.26703 0.068894 0.0124825 0.212935 
0.0161904 0.43321 0.0356231 0.0594341 0.000536525 0.147496 0.0807224 0.0234203 0.146043 0.0573241 
0.255085 0.286345 0.0848831 0.00627557 0.0900602 0.205023 0.0023123 0.0219963 0.0129953 0.0350244 
0.175999 0.0543431 0.0200074 0.0583663 0.00801239 0.0333942 0.158269 0.00126136 0.16163 0.328716 
0.0149308 0.075395 0.000341512 0.0211823 0.26293 0.224572 0.0619558 0.0148247 0.147724 0.176144 
0.245355 0.0997018 0.000269327 0.0789293 0.00861678 0.0888964 0.0133829 0.181853 0.143514 0.139481 
0.0426725 0.0584482 0.0300998 0.153819 0.0227636 0.0308341 0.0386752 0.55701 0.0511222 0.0145559 
0.0280461 0.0742852 0.215492 0.0242387 0.00676648 0.0745484 0.0336114 0.0184711 0.477529 0.047012 
0.000570746 4.68559e-005 0.0083627 0.264002 0.213756 0.048531 0.0307442 0.283571 0.0440905 0.106325 
0.138142 0.171044 0.000829492 0.291019 0.197451 0.0336625 0.0132344 0.0991122 0.0327561 0.0227509 
0.158042 0.0920302 0.0551032 0.113811 0.136922 0.00335463 0.117939 0.010855 0.242185 0.0697583 
0.123405 0.0868814 0.0453316 0.00226583 0.202045 0.0304445 0.154674 0.0327219 0.129658 0.192573 
0.00302239 0.214569 0.52889 0.037392 0.0457018 0.0207847 0.0916745 0.0194882 0.0130005 0.0254767 
0.0261428 0.00481484 0.0381127 0.139823 0.0807131 0.175727 0.00073618 0.0394679 0.11181 0.382652 
0.0206381 0.183789 0.0568507 0.272584 0.112203 0.0722194 0.0337268 0.0154043 0.115159 0.117426 
0.00138262 0.00715142 0.450613 0.120746 0.273788 0.0360229 0.035002 0.00041999 0.0550412 0.019832 
0.0777566 0.014539 0.216729 0.448335 0.0140651 0.0289617 0.0283907 0.106277 0.053946 0.0110003 
0.130057 0.149446 0.00909934 0.0612055 0.298011 0.055461 0.0277474 0.0151709 0.219696 0.0341045 
0.026349 0.0111302 0.0408145 0.166377 0.263651 0.0825057 0.349351 0.00840891 0.0174738 0.0339386 
0.147678 0.00830849 0.0163709 0.00119404 0.100587 0.0199276 0.209688 0.318617 0.0442074 0.133422 
0.100854 0.0115641 0.0577572 0.00661338 0.0567056 0.298586 0.141054 0.0611931 0.157909 0.107764 
0.0383417 0.114815 0.0948532 0.0180822 0.17721 0.1147 0.299336 0.0858427 0.0213852 0.0354337 
0.112492 0.0216955 0.0165504 0.0073586 0.0355178 0.0674454 0.0320011 0.261161 0.156412 0.289366 
0.0312263 0.0058911 0.0350955 0.445932 0.0385089 0.334561 0.028142 0.0243444 0.0482552 0.0080437 
0.0129418 0.172487 0.00325337 0.0147326 0.0245481 0.0698998 0.371022 0.189035 0.09166 0.050421 
0.0602043 0.0301522 0.0209693 0.321443 0.10792 0.0213184 0.0500487 0.172164 0.184735 0.0310454 
0.128377 0.0412324 0.091388 0.13166 0.0126806 0.202378 0.00734489 0.350242 0.00649286 0.0282051 
0.0374337 0.136271 0.0954755 0.255309 0.00767355 0.237632 0.135162 0.00237608 0.0676123 0.0250549 
0.258974 0.028448 0.070242 0.0163252 0.101829 0.000114702 0.00464853 0.0272369 0.327978 0.164204 
0.422675 0.0470439 0.0152613 0.0392653 0.00287723 0.147694 0.0937746 0.0104316 0.00544157 0.215536 
0.0546757 0.495573 0.0334798 0.00442614 0.0560249 0.0547411 0.014915 0.180293 0.0426792 0.0631917 
0.230475 0.0576044 0.0227219 7.18103e-005 0.150807 0.208814 0.0414462 0.0926085 0.00261416 0.192837 
0.102359 0.095067 0.183014 0.137228 0.235111 0.0290182 0.0189769 0.0896288 0.0699363 0.0396603 
0.0539376 0.0988435 0.0325536 0.145049 0.156339 0.000819998 0.0124495 0.104519 0.385156 0.0103321 
0.0306904 0.0456835 0.546987 0.150479 0.0146984 0.0496773 0.124363 0.0167928 0.0203989 0.000229491 
0.0446175 0.0548053 0.0235992 0.065401 0.0319378 0.418822 0.013991 0.00258919 0.103572 0.240665 
0.247222 0.171656 0.120737 0.0085284 0.104134 0.024009 0.168433 0.0017863 0.112416 0.041079 
0.0118064 0.146837 0.0186369 0.00400783 0.00629789 0.46648 0.0373765 0.182889 0.0764538 0.049215 
0.0716571 0.0227973 0.172463 0.137565 0.1274 0.12338 0.00585899 0.165793 0.162548 0.0105365 
0.13915 0.139948 0.0188607 0.090797 0.249724 0.0931607 0.0127507 0.0473425 0.0344941 0.173772 
0.00500169 0.0390595 0.133008 0.00156759 0.137406 0.165615 0.119119 0.114575 0.135314 0.149333 
0.0343084 0.0254495 0.0656252 0.0333626 0.152683 0.0229165 0.46203 0.117505 0.00929024 0.0768302 
0.00514634 0.212262 0.146982 0.0460045 0.073607 0.0810973 0.00533844 0.261607 0.0448232 0.123133 
0.114531 0.0413448 0.14639 0.107049 0.245022 0.000357017 0.0192219 0.29808 0.0194028 0.00860053 
0.0666312 0.0176484 0.124865 0.236105 0.0860805 0.00598675 0.266806 0.0216813 0.136591 0.0376044 
0.0274546 0.2975 0.305895 0.0438079 0.147816 0.00083245 0.0018225 0.0945216 0.0592489 0.0211022 
0.0431459 0.130769 0.292149 0.0579562 0.0193195 0.0462899 0.00779009 0.00118432 0.125286 0.27611 
0.151227 0.113361 0.0825865 0.105346 0.0293934 0.198592 0.17559 0.00667547 0.0367943 0.100434 
0.149488 0.321579 0.0297183 0.0428851 0.0720709 0.048832 0.0100685 0.0280736 0.0938305 0.203454 
0.0282905 0.452689 0.00457736 0.0168762 0.196487 0.0879453 0.0108932 0.0266143 0.099076 0.0765517 
0.0115622 0.0247518 0.422455 0.00358823 0.0635985 0.00944855 0.0994141 0.0406268 0.143007 0.181548 
0.110065 0.0545932 0.248574 0.0635607 0.116914 0.0578242 0.158457 0.178571 0.00517526 0.00626494 
0.113289 0.10406 0.100241 0.010136 0.0109206 0.0871149 0.301728 0.085166 0.128823 0.058522 
0.0526461 0.197466 0.174874 0.0843855 0.0247915 0.137309 0.0559154 0.0142592 0.248634 0.00972058 
0.410288 0.00445599 0.152877 0.0202536 0.0410074 0.155533 0.00710326 0.00398624 0.131568 0.0729284 
0.0801162 0.0475342 0.00914642 0.279733 0.089681 0.0107956 0.100956 0.0117616 0.333665 0.0366111 
0.270687 0.0318796 0.0544836 0.0592464 0.038165 0.0632921 0.137645 0.334408 0.00506997 0.00512348 
0.154473 0.0933751 0.124069 0.028361 0.143728 0.260729 0.0924162 0.0614051 0.0155155 0.0259282 
0.057899 0.240719 0.0793296 0.0358833 0.0197681 0.122248 0.171778 0.112885 0.141608 0.0178829 
0.0501046 0.0135559 0.0252439 0.0250222 0.426278 0.272769 0.0395171 0.0634 0.0746577 0.00945181 
0.0108933 0.206328 0.0316792 0.0787229 0.23526 0.224359 0.0120425 0.0239748 0.175349 0.00139184 
0.174186 0.497441 0.0298756 0.0314589 0.103603 0.0731512 0.0129844 0.0231556 0.0438639 0.0102807 
0.179861 0.132622 0.121018 0.129789 0.0120566 0.0532888 0.141992 0.200931 0.0271578 0.00128341 
0.00710118 0.192052 0.0654857 0.0268647 0.000976873 0.150608 0.0540635 0.0811221 0.40143 0.0202955 
0.0666794 0.210705 0.0145106 0.00236526 0.0836582 0.0455723 0.472483 0.0259285 0.00225506 0.0758424 
0.0854389 0.00133578 0.0626363 0.0443659 0.0315852 0.199973 0.0271988 0.0589082 0.459794 0.0287638 
0.00716001 0.0540764 0.165565 0.00291064 0.326292 0.15525 0.0283854 0.0450509 0.203064 0.0122457 
0.161281 0.170481 0.179079 0.161776 0.072085 0.11151 0.0491498 0.00517511 0.00423835 0.0852255 
0.0464322 0.0034555 0.171651 0.100163 0.224099 0.050171 0.00170749 0.0553846 0.277592 0.0693437 
0.202918 0.0800404 0.000371903 0.0364084 0.147775 0.126288 0.00192159 0.210024 0.170675 0.0235774 
0.0675997 0.145207 0.308776 0.0447339 0.000119328 0.0817855 0.0467224 0.280226 0.0054284 0.0194013 
0.0196574 0.032807 0.00644114 0.0278856 0.152202 0.0216693 0.0472897 0.0793314 0.28162 0.331096 
0.018523 0.0601134 0.0864164 0.0271848 0.0347987 0.113716 0.00871232 0.386788 0.134478 0.129269 
0.0269697 0.198831 0.27848 0.0178863 0.0123665 0.144933 0.104802 0.0144383 0.0215133 0.179781 
0.0207694 0.0157456 0.0119084 0.247111 0.266736 0.0303593 0.163942 0.0630405 0.148165 0.0322217 
0.0451389 0.221834 0.0144539 0.132165 0.000278809 0.0667331 0.00624255 0.306056 0.188743 0.018354 
0.0291321 0.0983215 0.0109188 0.122221 0.0662572 0.161459 0.0810451 0.287411 0.00947135 0.133763 
0.00598869 0.424417 0.10331 0.306405 0.0164967 0.0339249 0.00586857 0.00774121 0.0335588 0.0622893 
0.135528 0.160735 0.165106 0.0321339 0.178506 0.0184161 0.0131251 0.00408582 0.0337316 0.258633 
0.117814 0.162527 0.307021 0.0279381 0.00189397 0.0350414 0.0412232 0.0682314 0.22422 0.0140901 
0.0807682 0.311241 0.000141239 0.102328 0.112408 0.219691 0.128079 0.040403 0.00231437 0.0026269 
0.000682415 0.0278879 0.0553181 0.0293776 0.311508 0.117801 0.243963 0.0440485 0.0546992 0.114714 
0.0436609 0.0398162 0.00470351 0.00235165 0.0992547 0.0873479 0.196598 0.0157948 0.493052 0.0174199 
0.216217 0.0167118 0.0962681 0.0196494 0.0332236 0.00950534 0.321047 0.146555 0.0378284 0.102994 
0.214861 0.0870966 0.00172038 0.339441 0.0292465 0.0241305 0.0324111 0.17733 0.0441269 0.0496354 
0.227363 0.0095412 0.015139 0.312624 0.174224 0.0704336 0.0397536 0.0275138 0.0371613 0.0862468 
0.0361216 0.00125574 0.0129756 0.135303 0.124691 0.108246 0.328687 0.0796712 0.171253 0.00179538 
0.345216 0.126193 0.0266314 0.0610761 0.0931149 0.00238268 0.00584025 0.197453 0.0231434 0.11895 
0.0423186 0.00604246 0.239532 0.0654268 0.0566827 0.198625 0.0477832 0.121416 0.0341315 0.188042 
0.123565 0.0845578 0.0695651 0.124894 0.0105041 0.0388048 0.246649 0.0285804 0.267797 0.00508238 
0.105636 0.184713 0.0939947 0.128859 0.035822 0.0534273 0.0241845 0.0897854 0.17472 0.108859 
0.201732 0.108193 0.0387372 0.0188275 0.00610994 0.0189925 0.140185 0.151761 0.278513 0.0369485 
0.00926672 0.326905 0.0872051 0.0569028 0.193372 0.00540539 0.0485865 0.0033743 0.120471 0.148512 
0.00751357 0.076451 0.135068 0.127603 0.00261802 0.0013668 0.25478 0.289919 0.00401712 0.100663 
0.043225 0.0243881 0.0920959 0.0398514 0.480986 0.0213421 0.00115969 0.110291 0.0136962 0.172965 
0.00786814 0.0580434 0.27307 0.000234318 0.00693355 0.0795615 0.081485 0.208372 0.0206569 0.263775 
0.12151 0.0080062 0.0189624 0.143081 0.156757 0.0753783 0.0511633 0.0529 0.118327 0.253916 
0.0545016 0.275767 0.111824 0.231133 0.014175 0.00208191 0.103313 0.112223 0.0818144 0.0131668 
0.102228 0.000830317 0.076862 0.0176871 0.167919 0.168023 0.211324 0.149434 0.097515 0.008178 
0.196641 0.205071 0.00274035 0.00730491 0.0869093 0.122479 0.0839047 0.088406 0.154366 0.0521782 
0.000794185 0.142279 0.158099 0.071784 0.156832 0.0967638 0.00923597 0.0483486 0.139335 0.176528 
0.0269006 0.0959422 0.0688302 0.0340582 0.191468 0.0395644 0.00811059 0.0101636 0.516629 0.00833378 
0.271384 0.0105997 0.000475347 0.0547501 0.113242 0.154284 0.166792 0.000185709 0.0495668 0.17872 
0.0465135 0.0483666 0.069711 0.12962 0.190033 0.110053 0.128677 0.178741 0.00313286 0.095153 
0.174443 0.186998 0.0372093 0.0225134 0.0303212 0.327467 0.117979 0.0234404 0.0752198 0.00440947 
0.0380762 0.0267711 0.0492709 0.077088 0.0637927 0.047378 0.130453 0.0977962 0.30832 0.161054 
0.330912 0.0402671 0.274948 0.167451 0.0235282 0.0419516 0.0186179 0.0758141 0.018879 0.00763181 
0.0597487 0.0816184 0.0633818 0.201555 0.283201 0.147805 0.00965158 0.145581 0.0054566 0.00200159 
0.0909026 0.0573275 0.198782 0.0257374 0.297547 0.179023 0.0928187 0.000812152 0.00498474 0.0520652 
0.0073072 0.0587877 0.0254929 0.261545 0.174851 0.0397861 0.0218112 0.0321149 0.00619473 0.372109 
0.25776 0.295815 0.164183 0.0061266 0.0351093 0.0153634 0.00733414 0.0218157 0.104067 0.0924252 
0.0214944 0.0276057 0.0309279 0.16596 0.141453 0.446699 0.0128171 0.0838135 0.0269564 0.0422735 
0.322998 0.0412676 0.0503317 0.0923718 0.129688 0.185322 0.0118109 0.0391787 0.112596 0.0144338 
0.0793063 0.0804652 0.0509546 0.03802 0.0714141 0.361421 0.056449 0.105911 0.0245988 0.13146 
0.344398 0.0136696 0.00455496 0.049267 0.0405893 0.164446 0.176803 0.134484 0.0152642 0.0565249 
0.0125724 0.0360932 0.306656 0.238964 0.00613672 0.0584631 0.212882 0.0445739 0.00892017 0.0747391 
0.0281857 0.0244444 0.0765665 0.0153363 0.0377229 0.0771146 0.164945 0.534472 0.00655798 0.0346548 
0.121823 0.048075 0.192131 0.0262884 0.107589 0.075641 0.00398223 0.237089 0.0762406 0.11114 
0.0433437 0.19593 0.150232 0.0466957 0.198861 0.00691099 0.000373334 0.0557327 0.246783 0.0551383 
0.209072 0.0570974 0.0133234 0.0562775 0.00717769 0.145341 0.182567 0.137046 0.146692 0.0454074 
0.137505 0.0985386 0.102281 0.187104 0.0116251 0.00873637 0.222142 0.0383746 0.0247685 0.168925 
0.166276 0.00201 0.169955 0.0213835 0.0843815 0.0170484 0.143884 0.0382737 0.340509 0.0162784 
0.0335396 0.104759 0.135862 0.048972 0.00430167 0.0571836 0.447994 0.122747 0.0186655 0.0259755 
0.0178475 0.359406 0.0172621 0.029717 0.0687769 0.193665 0.0870526 0.0614853 0.018106 0.146681 
0.00307932 0.113026 0.088371 0.0188298 0.0152891 0.210467 0.144202 0.00586369 0.0173879 0.383485 
0.0364951 0.0775874 0.0124919 0.0164997 0.0394877 0.0795044 0.276106 0.0188882 0.258511 0.184429 
0.189832 0.153568 0.244481 0.069162 0.149491 0.00487908 0.0166467 0.00700974 0.134727 0.0302028 
0.00299394 0.0202114 0.149116 0.0124053 0.0950959 0.0377757 0.0371588 0.182475 0.0414756 0.421292 
0.072821 0.214485 0.128088 0.0676952 0.174189 0.0403215 0.101009 0.173 0.00636334 0.0220286 
0.0406036 0.193694 0.000616785 0.0623198 0.114887 0.126047 0.0219008 0.387646 0.0504356 0.00184959 
0.107414 0.167743 0.0194504 0.0123589 0.0496864 0.0159211 0.128154 0.0986469 0.0445194 0.356105 
0.153837 0.00723326 0.0412493 0.0152884 0.430613 0.0174486 0.130271 0.0739766 0.067009 0.0630739 
0.145213 0.101795 0.544444 0.0146416 0.057682 0.0163379 0.0181908 0.0440893 0.0153593 0.042247 
