0.0321264 0.0743886 0.0479423 0.0709365 0.0365857 0.0323252 0.0912651 0.0392134 0.0134397 0.0774925 0.0235692 0.0606898 0.0372168 0.321055 0.0417532 
0.0412356 0.0119756 0.00137189 0.00177125 0.0391292 0.0299911 0.018018 0.63264 0.07967 0.0137989 0.0154226 0.0153325 0.0313011 0.0405213 0.027821 
0.0085351 0.0122659 0.0490475 0.0457646 0.538667 0.0141111 0.0570119 0.042655 0.0991293 0.040668 0.00961282 0.00248832 0.0436918 0.0260731 0.0102784 
0.00469414 0.0133122 0.0424748 0.133184 0.0119855 0.021657 0.0184447 0.057461 0.0511459 0.000852341 0.0236641 0.101527 0.0080072 0.00439115 0.507199 
0.0047068 0.0023752 0.00716609 0.0167608 0.0511215 0.205955 0.0195019 0.0670096 0.468433 0.0199437 0.0437104 0.038078 0.00184682 0.0451644 0.00822667 
0.0322357 0.0295832 0.0156616 0.0989872 0.0622646 0.00704306 0.0260056 0.0995806 0.0283366 0.0561946 0.492121 0.00268186 0.0125762 0.00658354 0.0301447 
0.488754 0.0341202 0.0822531 0.00445831 0.0322497 0.0260667 0.0348811 0.1299 0.0352579 0.0163721 0.00322453 0.0368638 0.0356132 0.0321245 0.00786036 
0.015062 0.0641311 0.0583402 0.0502168 0.00347066 0.00278644 0.0608929 0.0223189 0.110489 0.0341192 0.011889 0.502684 0.0033504 0.0117537 0.0484959 
0.00681136 0.00197801 0.430082 0.0436971 0.16196 0.0623544 0.00235193 0.000225522 0.00595881 0.00111381 0.122718 0.0214723 0.112038 0.00120534 0.0260341 
0.0205181 0.0401632 0.087593 0.0165603 0.00842471 0.0452207 0.0540856 0.128141 0.00575477 0.00092285 0.0215561 0.137514 0.418218 0.00211401 0.0132141 
0.0603104 0.0455832 0.027303 0.00224174 0.0382001 0.370298 0.0400794 0.24009 0.0186679 0.0109962 0.0137958 0.0193405 0.00785473 0.00818229 0.0970562 
0.0379745 0.0259587 0.0172536 0.0110155 0.0152931 0.00112125 0.232376 0.0273509 0.0532429 0.447971 0.00853948 0.0391133 0.0254665 0.00839322 0.048931 
0.128733 0.44824 0.0544994 0.030637 0.0444835 0.0231928 0.025057 0.0257588 0.0852513 0.000702651 0.0405911 0.0422443 0.010864 0.0175574 0.0221876 
0.0390057 0.00220465 0.0456914 0.449107 0.0174717 0.0630817 0.029163 0.043569 0.0754524 0.0402736 0.0170436 0.00762218 0.035678 0.0202291 0.114407 
0.00267088 0.113609 0.0302291 0.00437123 0.0707576 0.0406285 0.458882 0.106174 0.00528847 0.043223 0.0246528 0.0644036 0.0226097 0.00150725 0.0109924 
0.000375917 0.0366203 0.157334 0.00864642 0.121279 0.0172454 0.0492046 0.286357 0.00311986 0.0857287 0.154919 0.006755 0.00889515 0.0554368 0.00808288 
0.140239 0.0172322 0.00625832 0.155078 0.00314702 0.0090508 0.00336891 0.00129921 0.257921 0.0916665 0.0160976 0.00294062 0.211068 0.0503636 0.0342692 
0.146466 0.00187943 0.0101429 0.0213674 0.199509 0.158103 0.0576733 0.00110306 0.0499308 0.027324 0.0457861 0.214012 0.0172086 0.0379666 0.0115281 
0.00265855 0.0437132 0.0360297 0.00431982 0.0412252 0.122708 0.0107068 0.0299999 0.0523622 0.0244516 0.173972 0.0375205 0.169391 0.0269134 0.224027 
0.00408907 0.122115 0.26631 0.00625352 0.0277038 0.131947 0.0416982 0.0106548 0.0361608 0.257983 0.00418452 0.0406188 4.40156e-005 0.0172859 0.0329516 
0.001085 0.200978 0.00197154 0.192486 0.185482 0.00986484 0.0179538 0.0267937 0.0354413 0.133604 0.0167963 0.0081671 0.0765156 0.0120179 0.0808442 
0.0220931 0.0191857 0.31278 0.0294433 5.13767e-006 0.0339897 0.0651936 0.0181845 0.00965411 0.0768437 0.0157992 0.00749293 0.0344025 0.0384806 0.316452 
0.0421051 0.0550537 0.0180694 0.0351078 0.0195058 0.00301826 0.00672803 0.323076 0.0606523 0.036532 0.00151752 0.00460404 0.00185961 0.120168 0.272003 
0.00625393 0.016296 0.0497521 0.122912 0.0274165 0.0415321 0.190068 0.168982 0.218886 0.00750411 0.0599017 0.0760309 0.00445445 0.00357101 0.00643883 
0.0420843 0.0197022 0.0612297 0.0138298 0.301603 0.0143184 0.0215085 0.0558987 0.0366923 0.0190347 0.0116549 0.0819097 0.0292328 0.0192016 0.272099 
0.182134 0.0462634 0.202498 0.00973794 0.0821141 0.00624274 0.0740713 0.00136067 0.00965173 0.00128856 0.266998 0.0443219 0.00629112 0.0149972 0.0520293 
0.0358203 0.248978 0.00697264 0.011408 0.0939236 0.0320722 0.00471873 0.0171354 0.0153445 0.010461 0.00473982 0.257099 0.17033 0.0703631 0.0206335 
0.00530404 0.0998144 0.33518 0.321402 0.0446756 0.00751102 0.00274512 0.0517328 0.00726702 0.0240823 0.012935 0.047342 0.00462671 0.00630668 0.0290744 
0.224899 0.0230195 0.0161173 0.0303321 0.00492046 0.12451 0.00265329 0.091343 0.00273757 0.221885 0.00544535 0.00766153 0.15407 0.0614089 0.028998 
0.00225293 0.0373563 0.0420845 0.0150049 0.0225727 0.0218568 0.00872256 0.0190112 0.0648406 0.267872 0.0290824 0.143404 0.0181178 0.000282169 0.307539 
0.250205 0.0136227 0.0179801 0.213249 0.00320821 0.00375748 0.013856 0.102272 0.0464058 0.0271951 0.127171 0.111903 0.0171899 0.0401623 0.0118221 
0.254375 0.0928219 0.0262367 0.00828782 0.00235329 0.0106608 0.253271 0.0605533 0.0169783 0.0180925 0.00670512 0.0558841 0.0590717 0.0113941 0.123315 
0.0411944 0.00439021 0.157456 0.0123135 0.157984 0.00578522 0.226967 0.00719631 0.0308659 0.134996 0.0298511 0.000345486 0.110727 0.0754846 0.00444262 
0.0601236 0.0149292 0.000793795 0.0100429 0.00260016 0.205696 0.00653838 0.0191227 0.208699 0.0196144 0.295273 0.108144 0.0154473 0.0192385 0.0137371 
0.0676466 0.148645 0.0448028 0.0232735 0.0107329 0.00483649 0.0451579 0.0257427 0.229452 0.0422839 0.0197549 0.00823779 0.00396332 0.110199 0.215272 
0.0120762 0.0519345 0.0815833 0.211102 0.0317907 0.353984 0.0195123 0.00426612 0.0844431 0.0191421 0.0524483 0.0106642 0.00274095 0.0575972 0.0067153 
0.106379 0.00560822 0.253884 0.0055236 0.0101031 0.114385 0.0107518 0.0469074 0.234091 0.0400313 0.0419904 0.0295016 0.0618846 0.0239044 0.0150543 
0.0197119 0.0412207 0.0407454 0.00166915 0.00775997 0.242431 0.256358 0.00196606 0.0135686 0.00435129 0.109377 0.0255041 0.129631 0.0599436 0.0457615 
0.0702685 0.00464851 0.0344621 0.0476134 0.0299749 0.0635429 0.00255193 0.0263005 0.0129708 0.347991 0.0609877 0.242708 0.0390698 0.00529713 0.0116131 
0.0671159 0.283099 0.0414104 0.0176581 0.0585044 0.00586484 0.000302159 0.365187 0.0167297 0.0324954 0.0119385 0.00128766 0.0219856 0.0705814 0.00583985 
0.0690511 0.0023938 0.163792 0.0247773 0.042343 0.00384988 7.9529e-005 0.189553 0.0198243 0.025396 0.0128753 0.302628 0.115692 0.0154428 0.0123029 
0.0829707 0.00785053 0.0587797 0.0168644 0.0404927 0.0382894 0.0559376 0.00665096 0.15716 0.233422 0.17216 0.00754605 0.0103911 0.103356 0.00812911 
0.0472587 0.276597 0.0626396 0.205514 0.0339534 0.0126749 0.249664 0.00321225 0.00391522 0.0153721 0.00376004 0.0309364 0.0248872 0.0121395 0.0174751 
0.0222684 0.0369445 0.0225157 0.00173457 0.265402 0.0642786 0.00898226 0.0192789 0.160552 0.0298826 0.093874 0.0304279 0.192852 0.0207554 0.0302512 
0.293299 0.00481747 0.00274392 0.021108 0.0139403 0.286236 0.0139114 0.0335398 0.0147663 0.00667893 0.0766603 0.0167641 0.0185335 0.119136 0.0778647 
0.00805751 0.0987283 0.0287198 0.189815 0.0106877 0.0103973 0.0922427 0.0422511 0.056186 0.021644 0.199857 0.0310391 0.208454 0.000567332 0.00135312 
0.00493498 0.00303369 0.0341566 0.0269489 0.0150699 0.145638 0.065124 9.23701e-005 0.00126882 0.0101527 0.302984 0.0271071 0.0112452 0.292098 0.0601457 
0.248715 0.0058788 0.000891004 0.0361469 0.0014958 0.0350874 0.000217176 0.278375 0.00525679 0.0234738 0.0592075 0.0153896 0.0978269 0.190261 0.00177635 
0.245847 0.0207402 0.00648417 0.0135066 0.00512688 0.0503097 0.0906657 0.0079517 0.0283718 0.0221336 0.0981803 0.0039973 0.339551 0.0406775 0.0264563 
0.297825 0.00320563 0.000648879 0.0162293 0.0582716 0.0342483 0.0176561 0.0568663 0.00348493 0.0127528 0.00284037 0.25299 0.0389757 0.00630715 0.197698 
0.116492 0.0290928 0.0306674 0.0118282 0.0626035 0.0324831 0.0286701 0.000698479 0.340305 0.0160078 0.0265251 0.227205 0.0363505 0.00528792 0.0357833 
0.00854841 0.0831092 0.0427495 0.00974361 0.0308474 0.0142972 0.00960208 0.0402765 0.0107835 0.369204 0.0240406 0.00418173 0.215556 0.0134661 0.123594 
0.00512565 0.000633779 0.00298313 0.0261458 0.0577718 0.0166751 0.010066 0.212351 0.110038 0.134856 0.0466199 0.0540451 0.207128 0.0743734 0.041188 
0.136847 0.0451641 0.169696 0.107266 0.0675371 0.00535203 0.0101776 0.0434618 0.0263383 0.00159809 0.0046996 0.0130987 0.134834 0.102052 0.131878 
0.0813738 0.0180675 0.0221922 0.169381 0.289562 0.0504254 0.00391289 0.00906697 0.00608388 0.0310818 0.00520793 0.0375774 0.00977803 0.192017 0.0742727 
0.0411533 0.255658 0.0107244 0.00478352 0.0120807 0.221051 0.000479994 0.00447059 0.00875127 0.157467 0.0419998 0.144954 0.0210686 0.0558336 0.0195239 
0.0530679 0.0179492 0.00879856 0.00243704 0.231581 0.252021 0.042038 0.0286528 0.00812931 0.0257743 0.231771 0.0178085 0.00483442 0.00685621 0.0682803 
0.135254 0.186409 0.00435733 0.0143336 0.0592141 0.105428 0.081836 0.0858717 0.103241 0.00387736 0.147179 0.016367 0.030552 0.0108344 0.0152464 
0.093483 0.0257306 0.001438 0.189063 0.000664394 0.0252065 0.0168323 0.0143578 0.109275 0.0795242 0.000231653 0.277956 0.12836 0.0329188 0.00495881 
0.0193427 0.187947 0.184949 0.00697552 0.00027593 0.0143474 0.0812533 0.0818559 0.0152256 3.39913e-005 0.110603 0.172655 0.0393479 0.000674406 0.0845138 
0.0297795 0.00524822 0.0171147 0.0617853 0.018485 0.0639983 0.19955 0.0605469 0.0535635 0.0278566 0.0336389 0.107776 0.000441207 0.0409609 0.279255 
0.00842871 0.259345 0.0164839 0.0205419 0.0533656 0.00932544 0.00191103 0.117047 0.0065156 0.0620027 0.152152 0.000627783 0.0242791 0.029946 0.238027 
0.311151 0.0459328 0.00665709 0.0115203 0.247662 0.0381155 0.0681349 0.00883022 0.100633 0.084358 0.0211948 0.0133588 0.0364855 0.00403046 0.00193543 
0.00616357 0.0688797 0.00860367 0.0875704 0.136685 0.00248991 0.220418 0.0228167 0.0209682 0.00543331 0.00499689 0.189731 0.160319 0.0296651 0.0352595 
0.00365086 0.207863 0.0528766 0.111574 0.00710874 0.00851535 0.0218739 0.0525199 0.00352124 0.0817199 0.231036 0.00491872 0.032059 0.172403 0.0083603 
0.030275 0.00141089 0.0086203 0.261785 0.0313626 0.0157754 0.349974 0.0200993 0.126249 0.0727488 0.0142913 0.000556958 0.0228315 0.0387773 0.00524196 
0.0110515 0.004074 0.0163095 0.160078 0.0637095 0.143092 0.00560053 0.256231 0.0578024 0.0142896 0.0197594 0.127897 0.00960728 0.0695304 0.0409669 
0.0105443 0.0907304 0.0142256 0.00332507 0.0134684 0.0206337 0.00227124 0.0623687 0.390696 0.229768 0.00172465 0.00149618 0.022257 0.0231238 0.113367 
0.0792876 0.153482 0.27185 0.0207609 0.234835 0.0216192 0.0106944 0.0552567 0.00813486 0.0548539 0.0146791 0.00608938 0.00410805 0.0165217 0.0478277 
0.00407651 0.0192159 0.059736 0.0290352 0.310976 0.0332721 0.203339 0.161844 0.0796103 0.0213936 0.0326754 0.0164721 0.00666907 0.0190273 0.0026583 
0.00160594 0.032399 0.0300853 0.0190118 0.108567 0.081462 0.0354588 0.0676122 0.21744 0.0031713 0.120619 0.00778701 0.0235279 0.213083 0.0381695 
0.0261144 0.0983059 0.0200712 0.0101251 0.105484 0.0260713 0.00285786 0.0353535 0.0988074 0.0356946 0.0051807 0.265431 0.00148055 0.0830161 0.186007 
0.0205025 0.0581834 0.0168248 0.0155745 0.00160563 0.217511 0.101806 0.116694 0.0588263 0.210519 0.0152504 0.00550997 0.0331738 0.0253797 0.102639 
0.179743 0.00230468 0.224175 0.00178545 0.00561598 0.0018641 0.0135499 0.00864115 0.0431215 0.138155 0.0682785 0.201863 0.0270203 0.0579562 0.0259269 
0.00524028 0.0405371 0.0160092 0.217159 0.0041371 0.0677793 0.00248767 0.0905717 0.192401 0.0260042 0.142657 0.0166524 0.00761679 0.0154954 0.155252 
0.00281893 0.00111328 0.0212583 0.266988 0.191184 0.0279296 0.00510556 0.00682846 0.0224469 0.0754631 0.204611 0.0144524 0.03427 0.0626507 0.0628808 
0.0367055 0.0102993 0.0210298 0.080073 0.172933 0.0388917 0.0260624 0.046144 0.0213122 0.272984 0.00396665 0.0109452 0.0216054 0.104993 0.132056 
0.00477012 0.0700409 0.0179727 0.024271 0.0936814 0.00787052 0.232348 0.00239059 0.0188744 0.0105752 0.240648 0.0204766 0.0736063 0.0163162 0.166158 
0.0212385 0.0122838 0.199299 0.0252768 0.0111694 0.22632 0.044891 0.0114887 0.00841924 0.035908 0.12325 0.118078 0.113417 0.00117914 0.0477818 
0.00570053 0.0523916 0.0348905 0.0109982 0.081624 0.0542707 0.0187654 0.0298617 0.0171141 0.00224811 0.0382884 0.0552676 0.291169 0.281511 0.0258993 
0.0928885 0.0125438 0.0598041 0.189456 0.181549 0.0325394 0.0186624 4.42168e-005 0.209005 0.057019 0.00957498 0.065248 0.0170673 0.0290877 0.0255114 
0.137171 0.218225 0.0322406 0.0338081 0.00679409 0.0105938 0.0292568 0.00418166 0.0319381 0.0804872 0.0137213 0.00216457 0.235665 0.01396 0.149793 
0.0138964 0.000896156 0.204918 0.166319 0.0720656 0.0541677 0.00360246 0.169544 0.00694838 0.19333 0.00495446 0.00224825 0.00788137 0.081111 0.0181175 
0.01864 0.0127421 0.0757411 0.226144 0.0111673 0.0268597 0.0201507 0.00571522 0.00473906 0.127913 0.0217046 0.0142913 0.286684 0.0385365 0.108972 
0.0021182 0.00624875 0.0479189 0.0677941 0.0210852 0.0537473 0.0634253 0.0702943 0.0064863 0.0741059 0.245633 0.20139 0.0794941 0.0476696 0.012589 
0.0167631 0.0204336 0.013645 0.0355318 0.0211997 0.0117102 0.0634011 0.112377 0.197929 0.181896 0.00751035 0.20831 0.00533533 0.0759674 0.0279907 
0.139396 0.00101673 0.00644986 0.000642265 0.0155444 0.0179114 0.00280621 0.0136586 0.0506575 0.193746 0.000617337 0.0268415 0.364785 0.00244743 0.16348 
0.148263 0.0287025 0.0283547 0.0306357 0.0228551 0.0141165 0.0620681 0.0491201 0.00429116 0.077495 0.0253487 0.00890255 0.151594 0.00235071 0.345902 
0.201398 0.00851516 0.0404888 0.0344585 0.00725313 0.0567196 0.00716851 0.030248 0.00315155 0.0039275 0.138634 0.0239716 0.0309613 0.178358 0.234747 
0.0377779 0.0690024 0.0101582 0.0204551 0.0361273 0.0028789 0.0119577 0.019083 0.0031238 0.0289235 0.231992 0.0246349 0.407948 0.0459778 0.0499592 
0.0235232 0.263002 0.135974 0.0314221 0.00825254 0.00746806 0.0119567 0.0163769 0.00359897 0.00795028 0.00606894 0.0535673 0.206244 0.193282 0.0313122 
0.00341402 0.017204 0.0273992 0.0936147 0.0232273 0.184606 0.0023539 0.0191013 0.0835566 0.00362092 0.0167837 0.0257312 0.0819928 0.231062 0.186332 
0.0072681 0.186757 0.0799966 0.00902705 0.198744 0.143981 0.0397145 0.065022 0.0470296 0.0106534 0.0338255 0.00489435 0.00449368 0.164645 0.00394789 
0.0301331 0.304774 0.0356026 0.0354818 0.0460464 0.0129934 0.00443413 0.0717586 0.0533547 0.248273 0.0741658 0.0271089 0.0114636 0.0312308 0.0131785 
0.00109707 0.104791 0.0546347 0.0147886 0.026163 0.0104616 0.190985 0.400678 0.00661247 0.0267102 0.0358688 0.0132249 0.0539307 0.0255481 0.0345062 
0.11352 0.0562572 0.00307729 0.158972 0.00568636 0.0091305 0.0118225 0.098567 0.36896 0.00259039 0.0910084 0.0237918 0.011344 0.0450578 0.000215046 
0.110891 0.0148586 0.0458706 0.234774 0.0196974 0.0367305 0.0314738 0.0162683 0.0563171 0.272947 0.0051666 0.0343396 0.0734029 0.0288737 0.0183892 
0.0171496 0.0475625 0.0031291 0.00816586 0.0588087 0.00646233 0.023567 0.0370941 0.103848 0.0158277 0.0126898 0.00712118 0.00853444 0.526044 0.123995 
0.0938678 0.000133715 0.0123556 0.0107749 0.116493 0.0307279 0.044255 0.157642 0.0552039 0.0277956 0.155903 0.118373 0.0134624 0.00604508 0.156968 
0.0297266 0.157968 0.0944425 0.0195627 0.0253797 0.00142641 0.264862 0.0019098 0.254805 0.0143015 0.0584946 0.00441944 0.0102919 0.0128202 0.0495905 
0.0147147 0.171994 0.231162 0.0498858 0.0157117 0.0533218 0.0250974 0.148183 0.0265696 0.0439072 0.00312472 0.0395975 0.000597474 0.160794 0.0153382 
0.0465916 0.0449283 0.276197 0.0124687 0.0111434 0.0335407 0.0750779 0.000196681 0.0156988 0.0193612 0.145184 0.000524667 0.0156046 0.172959 0.130522 
0.265702 0.0266064 0.0230652 0.0168627 0.0438411 0.0155403 0.0819929 0.00887781 0.0867502 0.0265456 0.0318378 0.167553 0.146023 0.0582383 0.000563518 
0.0956924 0.0356953 0.0431271 0.16567 0.0292196 0.190954 0.0414785 0.0736127 0.00573312 0.00357012 0.00163489 0.0628179 0.177856 0.00120958 0.0717297 
0.023507 0.00823477 0.00594579 0.327752 0.0591186 0.0750274 0.0687772 0.0180204 0.00510087 0.0188863 0.0876318 0.175256 0.0221445 0.100526 0.00407055 
0.052322 0.114074 0.326253 0.0684467 0.0241794 0.268669 0.00388673 0.0372669 0.0638658 0.0133055 0.00172524 0.0103123 0.00877939 0.000313987 0.00659949 
0.0170305 0.086091 0.00790193 0.044186 0.219211 0.0215508 0.0760876 0.0019253 0.000241367 0.0203259 0.0447376 0.0137544 0.386853 0.0286146 0.0314896 
0.317583 0.042525 0.196503 0.095029 0.0181147 0.0652497 0.00406824 0.0205535 0.126311 0.00666864 0.0230702 0.021338 0.0217513 0.00647722 0.0347571 
0.173068 0.0243309 0.000643799 0.0199086 0.0558377 0.154264 0.123273 0.182174 0.00200269 0.069358 0.0196155 0.117792 0.0522299 0.00245813 0.00304412 
0.0772273 0.0179242 0.033119 0.0613799 0.0016286 0.0194492 0.212566 0.0598496 0.128036 0.0236439 0.0599993 0.00130256 0.182357 0.0607085 0.0608098 
0.00801784 0.0518324 0.00980804 0.00321971 0.100731 0.439388 0.118566 0.0523192 0.0153658 0.0102698 0.00668086 0.0129919 0.0871161 0.083464 0.000230159 
0.0136113 0.14822 0.0474947 0.0064699 0.00929632 0.172037 0.016637 0.281523 0.146513 3.95695e-005 0.02073 0.0259042 0.0432378 0.00297619 0.0653111 
0.0915071 0.0708356 0.0232121 0.00748578 0.0221121 0.00366493 0.0582878 0.205471 0.00736452 0.247831 0.0974931 0.0357893 0.00641903 0.0398928 0.0826343 
0.0489764 0.00807399 0.0495937 0.00113744 0.0289235 0.206767 0.0691652 0.129496 0.0192721 0.0527263 0.10663 0.0544387 0.0237014 0.193005 0.00809423 
0.0270777 0.10654 0.0607559 0.046199 0.214152 0.015933 0.0357105 0.000347451 0.0439077 0.145134 0.197918 0.0462828 0.0530454 0.00368264 0.00331525 
0.041669 0.0529591 0.00864478 0.00951777 0.016003 0.27705 0.0153938 0.0523332 0.208798 0.0196149 0.0793052 0.0146745 0.101087 0.0942585 0.00869062 
0.0270948 0.0396877 0.0328974 0.238411 0.00465083 0.165172 0.232035 0.12651 0.00268131 0.0122757 0.0636908 0.011634 0.00517022 0.0290333 0.00905566 
0.0187161 0.0449284 0.222966 0.154736 0.0818156 0.0954101 0.170486 0.000712838 0.0771823 0.0544564 0.01625 0.0531066 0.00201665 0.0012312 0.00598638 
0.00232652 0.146998 0.0023816 0.0211582 0.348047 0.00138667 0.0147383 0.136205 0.177502 0.00209537 0.0403601 0.00979827 0.00674592 0.0217596 0.0684979 
0.21389 0.00638429 0.00691752 0.0145854 0.0681219 0.0476694 0.0059941 0.0703252 0.00593232 0.0113054 0.280002 0.0777946 0.0300824 0.145635 0.0153617 
0.00572618 0.190393 0.183551 0.0632143 0.0668101 0.0110678 0.015851 0.000937967 0.263972 0.0127545 0.0170033 0.0152179 0.0914171 0.0241249 0.0379594 
0.299018 0.0308779 0.0059142 0.0219399 0.0474599 0.00874105 0.0621674 0.172488 0.180102 0.0167432 0.0542689 0.0066579 0.00643526 0.0394297 0.0477559 
0.00970178 0.018357 0.0127227 0.0248839 0.0745106 0.0119214 0.067763 0.28177 0.0847279 0.148318 0.0113103 0.0154007 0.0114811 0.217271 0.00986133 
0.150407 0.0231522 0.0554465 0.217216 0.00645182 0.0117976 0.0963945 0.110995 0.0523779 0.0213716 0.00499447 9.00918e-005 0.0198744 0.0103435 0.219087 
0.0172989 0.132893 0.267341 0.0260318 0.0378455 0.0329461 0.0128016 0.00979123 0.0212785 0.105885 0.0340718 0.0389157 0.198548 0.0115995 0.0527529 
0.0916315 0.0168966 0.00170797 0.131608 0.21582 0.1907 0.132499 0.00801492 0.00356307 0.0609358 0.043705 0.0103448 0.0746269 0.00410232 0.0138444 
0.00728119 0.331453 0.0191431 0.173313 0.00752582 0.00469254 0.0514959 0.0697482 0.0108498 0.0295002 0.0115997 0.0163817 0.000278286 0.113919 0.152818 
0.0211756 0.0684358 0.0223679 0.0130158 0.00593082 0.371724 0.0149456 0.0556382 0.00314552 0.077762 0.0250701 0.0333939 0.0124479 0.0108833 0.264063 
0.280744 0.000170836 0.0371896 0.0151584 0.162465 0.01969 0.0177882 0.101494 0.0151498 0.0182009 0.0119509 0.017858 0.116032 0.0113061 0.174803 
0.112839 0.00430291 0.0833793 0.0479752 0.03598 0.0409225 0.00863384 0.368071 0.0629098 0.00798542 0.0626539 0.0173135 0.125684 0.0113917 0.00995774 
0.159539 0.21013 0.00388005 0.189349 0.0143662 0.0161416 0.0242641 0.0159031 0.0539944 0.068786 0.0374043 0.127376 0.00500587 0.00648126 0.0673793 
0.0415449 0.00909568 0.301236 0.0916507 0.0234971 0.000321547 0.0952569 0.199895 0.00483444 0.0295213 0.0224787 0.00346352 0.00597045 0.0155109 0.155722 
0.0956483 0.000868762 0.0734016 0.0223394 0.00956036 0.00566412 0.00573192 0.0515563 0.151905 0.0812064 0.266381 0.0369363 0.148214 0.00706952 0.0435174 
0.356597 0.00850864 0.0959213 0.0323883 0.0457704 0.0340081 0.0548003 0.0103091 0.0137574 0.182347 0.0458139 0.0971418 0.00548527 0.00232545 0.014826 
0.0105579 0.0240138 0.00153525 0.00614339 0.061652 0.135038 0.21058 0.00276082 0.0181162 0.0751838 0.0158958 0.219213 0.0449275 0.159487 0.0148952 
0.0249646 0.00735539 0.0356215 0.0143348 0.0568468 0.0190508 0.0332034 0.00334305 0.00104353 0.231346 0.00176259 0.193709 0.119984 0.244799 0.0126357 
0.182624 0.153513 0.029835 0.0188168 0.0155283 0.0778494 0.00453298 0.139293 0.0309231 0.0189489 0.0074922 0.0757683 0.0158045 0.0690838 0.159987 
0.15439 0.0570843 0.0246047 0.0112908 0.000673803 0.198635 0.0372342 0.000424977 0.000812497 0.0164753 0.0560943 0.0255382 0.222796 0.169363 0.0245826 
0.0438968 0.00339956 0.0207701 0.188642 0.0800289 0.000387809 0.0215238 0.0203537 0.0207646 0.178328 0.11263 0.137473 0.0034492 0.0119952 0.156358 
0.103266 0.0577973 0.0928498 0.0742648 0.0105649 0.188016 0.0536478 0.0111683 0.13497 0.0323738 0.0139225 0.0240884 0.0162622 0.0271962 0.159612 
0.0351349 0.0643094 0.135154 0.0253643 0.155779 0.0222352 0.0159668 0.0292801 0.0166183 0.00392053 0.0994131 0.195844 0.168939 0.028338 0.00370346 
0.152932 0.13977 0.059313 0.00838074 0.0641691 0.0599397 0.162893 0.0407026 0.0403953 0.160192 0.00437176 0.0347138 0.00168386 0.0579571 0.0125861 
0.0117979 0.0621305 0.0949835 0.169203 0.0970257 0.190643 0.00371681 0.0112464 0.017041 0.162073 0.124023 0.0147778 0.0320865 0.00244767 0.00680337 
0.0114653 0.0448168 0.0196439 0.00736409 0.0364589 0.0105405 0.0224024 0.485604 0.00290617 0.00875942 0.000489621 0.197945 0.0095013 0.0718442 0.0702574 
0.0106536 0.0362835 0.114342 0.0142457 0.116519 0.00955231 0.00308084 0.0874212 0.0611668 0.0304891 0.0193561 0.046693 0.020088 0.176811 0.253298 
0.0103805 0.0453991 0.127813 0.282193 0.246083 0.00824381 0.001859 0.101712 0.00135551 0.072939 0.00325808 0.0312986 0.00365502 0.054085 0.00972583 
0.0170752 0.137077 0.0179629 0.132462 0.012831 0.0648425 0.0411307 0.181516 0.0057179 0.0011818 0.0628718 0.00865997 0.0932178 0.14206 0.0813929 
0.0363193 0.0370042 0.31444 0.141579 0.00323185 0.0293164 0.0300039 0.0223581 0.0472286 0.00181924 0.204754 0.0661048 0.051732 0.00210098 0.0120074 
0.116076 0.0915404 0.00914885 0.0422848 0.00545659 0.372207 0.0624866 0.026459 0.0146717 0.0540602 0.138156 0.0355552 0.0018238 0.00135083 0.0287232 
0.00336425 0.00115152 0.150736 0.179917 0.0109036 0.00396383 0.142728 0.00429213 0.015485 0.0643677 0.0375878 0.0652939 0.0147351 0.131634 0.17384 
0.145356 0.326503 0.0855119 0.000252212 0.00336826 0.026762 0.00451048 0.0236305 0.00616947 0.0776003 0.00648267 0.253534 0.00916871 0.0123439 0.0188079 
0.0114929 0.0119796 0.102191 0.197061 0.00700533 0.120844 1.71714e-005 0.00373136 0.120086 0.143802 0.00766282 0.0484789 0.0269474 0.171164 0.0275366 
0.0210656 0.0525492 0.144135 0.023714 0.161611 0.207479 0.0353181 0.21539 0.0404298 0.0222015 0.0103804 0.00211785 0.0226197 0.0375982 0.00339193 
0.00715039 0.0185318 0.00671004 0.026272 0.0092382 0.018662 0.31691 0.0432106 0.0101445 0.241797 0.00673324 0.101444 0.0423774 0.0981708 0.0526485 
0.0219977 0.0603768 0.00812687 0.00723301 0.0222451 0.0672586 0.0261989 0.0946117 0.0251342 0.0378861 0.00759181 0.22145 0.233362 0.0453093 0.121218 
0.10152 0.170017 0.0962512 0.00802417 0.0071797 0.0036681 0.0187641 0.0382201 0.148996 0.0203211 0.0180151 0.113948 0.0480999 0.179293 0.027683 
0.0762859 0.235617 0.0542993 0.168463 0.0358959 0.232029 0.000254073 0.0407117 0.0187151 0.0214323 0.00267615 0.00300448 0.0381014 0.0534495 0.0190654 
0.201177 0.00789155 0.150624 0.277775 0.00689669 0.00440384 0.01953 0.0138891 0.00278373 0.0630465 0.0130355 0.0872418 0.139397 0.00196432 0.0103448 
0.065547 0.0313275 0.000345671 0.0503745 0.0826606 0.073598 0.0578705 0.00828672 0.0274754 0.221282 0.132713 0.0230511 0.203395 0.00515933 0.0169127 
0.00945893 0.103627 0.00682906 0.00707134 0.122636 0.0385088 0.159848 0.165009 0.00783014 0.0259975 0.178325 0.0146761 0.00706367 0.130956 0.0221641 
0.0267383 0.0153839 0.0390218 0.0240726 0.179486 0.104255 0.0203072 0.00531 0.00555336 0.0181603 0.382261 0.00896979 0.122388 0.00997542 0.0381182 
0.000519608 0.0957836 0.135251 0.00274385 0.0797162 0.0224629 0.00645695 0.173903 0.011637 0.0179897 0.112756 0.0299386 0.184992 0.0203351 0.105514 
0.0518685 0.0400316 0.0749712 0.00899738 0.0321656 0.0166179 0.00574378 0.0618885 0.112032 0.080775 0.162901 0.00280908 0.00273152 0.0129059 0.333561 
0.0296386 0.0854366 0.0461643 0.0499558 0.0186614 0.175243 0.0068308 0.136503 0.0332564 0.0018215 0.0479751 0.3073 0.0351049 0.0141095 0.0119991 
0.0629504 0.0486653 0.0540629 0.0377484 0.0709196 0.00435629 0.0193218 0.177912 0.0326556 0.01487 0.0376865 0.205893 0.023544 0.18685 0.0225644 
0.0554777 0.0849776 0.0647972 0.0388636 0.0951148 0.0133159 0.112485 0.0421193 0.0358164 0.100334 0.047389 0.281208 0.00958369 0.0116346 0.00688445 
0.0151635 0.0162269 0.0186328 0.0322503 0.012061 0.00466524 0.0202027 0.012734 0.00861424 0.227904 0.0156929 0.343576 0.0359938 0.0657061 0.170576 
0.0741799 0.0032176 0.0298485 0.187951 0.00681426 0.091521 0.0538282 0.128408 0.0383646 0.0344601 0.206498 0.00427493 0.0112877 0.119355 0.00999207 
0.214711 0.199623 0.217972 0.0674998 0.0336623 0.0277273 0.0342416 0.00296807 0.00354887 0.0894449 0.0584661 0.0130851 0.010412 0.00267483 0.0239625 
0.177439 0.018244 0.0375696 0.147462 0.00165573 0.0242894 0.25053 0.00158487 0.0198658 0.00269608 0.0168907 0.19653 0.0226032 0.0369744 0.0456654 
0.0576603 0.09145 0.00128098 0.0464984 0.363471 0.0680921 0.00852191 0.0594063 0.0207518 0.137039 0.0286014 0.0459185 0.00600835 0.0295648 0.0357357 
0.0283818 0.00917871 0.00635463 0.0145185 0.119326 0.0787194 0.0114837 0.0062127 0.177893 0.0024231 0.0378697 0.190101 0.150894 0.112082 0.0545622 
0.00791217 0.00055514 0.00337445 0.0362274 0.01132 0.109789 0.0732115 0.0224557 0.000726738 0.375405 0.102101 0.0159334 0.0424713 0.0189087 0.179608 
0.0316547 0.143352 0.0326551 0.148252 0.000145066 0.0204043 0.348893 0.0547992 0.00570394 0.000548867 0.163261 0.0232709 0.0053432 0.0194318 0.00228577 
0.00197149 0.0168356 0.157453 0.01629 0.00420862 0.0794652 0.164331 0.0117962 0.0892492 0.015929 0.0177526 0.0126548 0.353668 0.0529894 0.00540649 
0.0588029 0.0444175 0.0226253 0.00407365 0.174422 0.182429 0.139193 0.0156847 0.20131 0.0252719 0.00261038 0.00175668 0.0900594 0.0046711 0.0326728 
0.0209558 0.141014 0.00127345 0.000988371 0.0174019 0.00706651 0.036736 0.0142329 0.0678123 0.137918 0.128252 0.150023 0.0779764 0.0774387 0.12091 
0.00589312 0.158286 0.0229244 0.0768145 0.0310449 0.247494 0.152778 0.0107401 0.113964 0.00121983 0.0109012 0.049466 0.0022376 0.115821 0.000416518 
0.0298501 0.0620328 0.153682 0.00139015 0.0271769 0.0630746 0.13303 0.00984745 0.0316826 0.0102247 0.237037 0.0217671 0.15384 0.0630603 0.00230409 
0.0224921 0.00667712 0.186697 0.00635192 0.128801 0.0076654 0.0534106 0.133322 0.107025 0.123942 0.0382924 0.107431 0.0133271 0.059707 0.00485856 
0.0769908 0.186945 0.00860321 0.0232325 0.269245 0.0177883 0.00302652 0.0674593 0.0162376 0.0211362 0.01032 0.11206 0.150551 0.03449 0.00191426 
0.217244 0.0236081 0.0118657 0.0113214 0.082028 0.10885 0.026205 0.0807029 0.00993695 0.0177488 0.0193041 0.0586852 0.0634864 0.259844 0.00916886 
0.0145849 0.16869 0.00433862 0.0121501 0.00577923 0.00801799 0.0273469 0.0985166 0.480044 0.0521898 0.0482166 0.0310391 0.0249017 0.0203373 0.00384738 
0.124245 0.0181133 0.0633676 0.0164307 0.158705 0.0498326 0.125151 0.0100656 0.0109468 0.118767 0.100257 0.0050154 0.00296718 0.00792716 0.188209 
0.0242732 0.163438 0.041828 0.0124791 0.0266547 0.0785632 0.0459422 0.0435715 0.166898 0.0345362 0.0106277 0.0384661 0.217141 0.073637 0.0219437 
0.159653 0.114012 0.208071 0.0156898 0.00431324 0.00640487 0.00583673 0.253421 0.0293436 0.0883463 0.00744042 0.017447 0.0539654 0.034706 0.00134906 
0.0458647 0.00691691 0.166973 0.0738569 0.0153079 0.0835863 0.0279993 0.0570785 0.00665903 0.149167 0.0121456 0.139264 0.070606 0.00724078 0.137334 
0.00749094 0.0221133 0.0177376 0.0890145 0.192836 0.0224212 0.0175977 0.190736 0.172294 0.0536954 0.134851 0.00559397 0.0034778 0.035123 0.0350178 
0.117391 0.00278481 0.174255 0.00480534 0.0352223 0.109525 0.153958 0.00207567 0.111105 0.0469945 0.00607565 0.0577892 0.00811415 0.142422 0.027482 
0.0632003 0.0128409 0.394626 0.0162545 0.0029168 0.0150629 0.0611342 0.0192613 0.145147 0.0696638 0.000463862 0.146922 0.0270391 0.0104732 0.0149935 
0.0617954 0.295949 0.0643701 0.03719 0.219828 0.0137238 0.00902436 0.159994 0.00763557 0.0152261 0.0049902 0.0135132 0.00240454 0.0473116 0.0470443 
0.183614 0.0244865 0.0255726 0.0641236 0.0154599 0.0284398 0.00702504 0.00830469 0.0679274 0.105343 0.141431 0.0155421 0.150306 0.157727 0.00469676 
0.0526339 0.0146957 0.0331862 0.00410605 0.00664171 0.00485281 0.00596722 0.171492 0.0225553 0.20355 0.113612 0.329045 0.000475348 0.00602738 0.0311596 
0.18991 0.0855755 0.0757509 0.0832138 0.01749 0.028779 0.0291331 0.156598 0.00109766 0.0262565 0.120967 0.0262923 0.144355 0.000280688 0.0143005 
0.0807308 0.0492094 0.0241758 0.293279 0.0634091 0.000651188 0.0461533 0.232471 0.0216107 0.00334634 0.0391481 0.0263275 0.0231721 0.0793076 0.0170077 
0.0374252 0.0121094 0.0785711 0.00554295 0.0349568 0.0274457 0.0251799 0.202885 0.386873 0.00496345 0.0306881 0.0192482 0.0108735 0.0398982 0.0833395 
0.0020815 0.101562 0.026657 0.0355633 0.0361694 0.0239934 0.0918293 0.00384041 0.0218792 0.445608 0.00723778 0.00544294 0.0166765 0.173279 0.0081808 
0.0295858 0.016921 0.0287448 0.190348 0.255454 0.0192157 0.132897 0.0178511 0.0510057 0.0233018 0.00492977 0.172565 0.0133554 0.0305492 0.0132751 
0.0223482 0.0736818 0.490711 0.0235293 0.0186693 0.032946 0.0373913 7.52372e-005 6.26676e-005 0.00560033 0.0423781 0.0679041 0.0244347 0.104428 0.0558399 
0.0611707 0.184582 0.0482192 0.0269965 0.106188 0.128214 0.113884 0.0381303 0.0027076 0.00177556 0.0056697 0.142722 0.00287683 0.0061931 0.130671 
0.0109828 0.0299389 0.024888 0.0959896 0.0135042 0.0653371 0.221965 0.0318434 0.0889246 0.111921 0.187023 0.00300163 0.00945428 0.081086 0.0241408 
0.178965 0.0891918 0.0181551 0.00282906 0.00440368 0.135155 0.0114545 0.00268424 0.0350388 0.141856 0.0380505 0.203628 0.0300151 0.0789958 0.0295771 
0.0999582 0.0145346 0.107605 0.00270435 0.188101 0.186009 0.00549107 0.0193778 0.0424859 0.0211423 0.0220404 0.00795581 0.118159 0.131097 0.0333394 
0.010149 0.00724509 0.0387449 0.00104256 0.00240811 0.00388622 0.117123 0.0383824 0.190276 0.0336136 0.0433482 0.119411 0.0194246 0.221749 0.153197 
0.00858835 0.106398 0.0228348 0.0134128 0.0644887 0.0281395 0.00218805 0.190878 0.0114442 0.00238331 0.0327617 0.0177472 0.178838 0.00813073 0.311767 
0.269806 0.0467104 0.0181689 0.189992 0.00472542 0.0206371 0.013313 0.0128179 0.0328177 0.154142 0.00628066 0.0393346 0.0338419 0.0148624 0.14255 
0.0868178 0.0188272 0.144374 0.117077 0.186581 0.0269895 0.0650271 0.0101692 0.0510502 0.015271 0.14436 0.00833547 0.000716278 0.100238 0.0241655 
0.0324182 0.00320768 0.00914863 0.271539 0.0127358 0.229195 0.0146229 0.00914514 0.00430671 0.0471891 0.177924 0.0158641 0.0336352 0.0261797 0.112889 
0.0141968 0.00248272 0.019085 0.03881 0.121613 0.0496178 7.85648e-006 0.025073 0.0167167 0.000582743 0.169639 0.129984 0.121921 0.24748 0.0427907 
0.0299031 0.00330666 0.0963407 0.00665148 0.0422337 0.304783 0.0819148 0.0751321 0.112813 0.0108415 0.0179683 0.143779 0.00934302 0.0370824 0.0279079 
0.0363001 0.000266076 0.0126423 0.131017 0.02577 0.0140819 0.125938 0.278025 0.026399 0.0561354 0.1288 0.032961 0.00547365 0.00459547 0.121596 
0.051631 0.0762016 0.015957 0.0121744 0.201452 0.0150499 0.00644337 0.013281 0.199244 0.162287 0.0626973 0.0173756 0.0388566 0.0235065 0.103842 
0.0263836 4.36997e-005 0.180727 0.0205055 0.00776276 0.0192691 0.0576903 0.153442 0.0889883 0.0283573 0.279594 0.0409923 0.0132516 0.0627354 0.0202571 
0.0987978 0.0115528 0.00455586 0.0212855 0.183791 0.0220377 0.014161 0.166703 0.0124394 0.00993387 0.00738765 0.0817368 0.267229 0.0757186 0.0226705 
0.00857503 0.0731414 0.1712 0.0216993 0.0671153 0.0164405 0.119211 0.0212581 0.0191542 0.0151199 0.00970833 0.022693 0.228916 0.00255496 0.203213 
0.0172093 0.048133 0.061353 0.403845 0.0417783 0.0183036 0.0363024 0.0200418 0.00160181 0.18395 0.0209832 0.119276 0.0100039 0.0105568 0.00666242 
0.0926353 0.000390709 0.019038 0.017691 0.387659 0.0183172 0.150147 0.0217775 0.00513757 0.00237985 0.0509516 0.040806 0.0911655 0.0244145 0.0774895 
0.036127 0.12819 0.00359487 0.251967 0.0890486 0.0594974 0.0362411 0.0223353 0.0077765 0.0427357 0.0072337 0.0137531 0.173141 0.121396 0.00696348 
0.0339131 0.0358388 0.0200175 0.038848 0.0388073 0.00582661 0.174046 0.0957857 0.181665 0.14433 0.000594028 0.0182394 0.0425836 0.151128 0.0183772 
0.0377386 0.0768474 0.0288929 0.00369285 0.0260731 0.0173298 0.126567 0.0416184 0.0130132 0.188723 0.0282794 0.0284859 0.0256241 0.18061 0.176504 
0.0184426 0.00693738 0.00503398 0.0117072 0.16601 0.121917 0.0801661 0.00797665 0.0164488 0.0588679 0.00967552 0.0714978 0.147746 0.078669 0.198905 
0.184959 0.0192639 0.0144646 0.00789864 0.0174699 0.0613657 0.0385999 0.0474926 0.150174 0.166069 0.0354571 0.00516023 0.011931 0.0940996 0.145594 
0.0126641 0.319119 0.0125562 0.119169 0.00901711 0.0348966 0.0838849 0.0301107 0.158671 0.0840749 0.0607058 0.00737674 0.026536 0.00690735 0.0343101 
0.00125422 0.00510243 0.205428 0.00732333 0.148279 0.0387969 0.165147 0.000888358 0.0104106 0.0281548 0.00279501 0.183684 0.0756013 0.109686 0.0174493 
0.0899089 0.182248 0.00770671 0.0251446 0.129401 0.00104992 0.0578519 0.0295553 0.180778 0.0574794 0.0405219 0.148285 0.0340454 0.0123099 0.0037134 
0.0616047 0.0204361 0.012075 0.230723 0.174693 0.00468015 0.00504624 0.0512901 0.00692615 0.0344209 0.0599736 0.0159468 0.0503726 0.0363548 0.235457 
0.214987 0.0844445 0.0321498 0.019116 0.0835078 0.0059949 0.0011216 0.0341276 0.00768534 0.161988 0.18066 0.067257 0.0119872 0.03404 0.0609332 
0.0250639 0.033403 0.0253457 0.00743668 0.133277 0.0153575 0.0259055 0.00652588 0.0140527 0.0422985 0.294209 0.0663542 0.0333161 0.0465893 0.230865 
0.00637026 0.0647542 0.0200535 0.0821381 0.0200545 0.0369903 0.17533 0.227555 0.0593245 0.0183006 0.00561262 0.0930036 0.141662 0.0455169 0.00333408 
0.022845 0.045891 0.0044957 0.222568 0.0138582 0.0164006 0.0907897 0.00706181 0.208415 0.0398784 0.0957585 0.00426088 0.0947173 0.120585 0.0124743 
0.0653175 0.00724808 0.0114137 0.0281097 0.0355057 0.00710696 0.0587616 0.0984288 0.204674 0.0111635 0.0043394 0.0201865 0.280563 0.0168714 0.15031 
0.181488 0.00333882 0.0135946 0.0721331 0.214761 0.058252 0.0201045 0.0152735 0.0159584 0.114871 0.039359 0.00869495 0.177078 0.0553789 0.00971532 
0.0135686 0.0172785 0.0105498 0.335516 0.0658258 0.0421244 0.00371446 0.130753 0.227462 0.0198459 0.00811552 0.0109949 0.0141536 0.064788 0.0353093 
0.00143595 0.0251863 0.0153106 0.177102 0.0581272 0.166623 0.0315009 0.00999162 0.295819 0.121343 0.0015167 0.0752943 0.00749435 0.00448348 0.00877145 
0.0544351 0.0468655 0.0030974 0.00668265 0.017653 0.196365 0.00206783 0.0147163 0.0635774 0.0323346 0.00630112 0.0382942 0.124062 0.024236 0.369312 
0.0333189 0.00902104 0.136744 0.0159007 0.0200829 0.0245714 0.0814603 0.166991 0.0868856 0.00452257 0.0835917 0.0156832 0.0329716 0.203148 0.0851075 
0.0037258 0.0370995 0.204161 0.0278463 0.000248832 0.0200035 0.00249751 0.31111 0.0139584 0.112136 0.0101939 0.103146 0.0284643 0.00529854 0.120111 
0.0347191 0.203044 0.00479406 0.00531854 0.00138403 0.100518 0.00150907 0.00885745 0.00399885 0.0141722 0.0591758 0.0671515 0.345585 0.122102 0.0276704 
0.0203779 0.0332018 0.050855 0.00111278 0.0490527 0.146482 0.00859512 0.272513 0.035724 0.0192324 0.187333 0.000611574 0.0223182 0.0160856 0.136505 
0.217822 0.0286387 0.257736 0.01009 0.00719195 0.183381 0.0249892 0.0689176 0.00817329 0.051239 0.00961868 0.0329041 0.0296539 0.0498834 0.0197618 
0.0162163 0.0800183 0.181019 0.0448922 0.0159945 0.153471 0.0128415 0.0187319 0.0728586 0.00712065 0.108878 0.0104276 0.00270757 0.264311 0.010512 
0.0971603 0.0162016 0.034693 0.0186965 0.0390983 0.0504276 0.369795 0.0106794 0.14395 0.0172792 0.0668507 0.0190236 0.0150978 0.0532437 0.0478039 
0.0147869 0.0136089 0.0062991 0.0299623 0.01603 0.0142602 0.0406426 0.00162476 0.0188154 0.259771 0.198796 0.0418361 0.0646105 0.251131 0.0278259 
0.0777027 0.0283307 0.0221115 0.0125342 0.2412 0.00684907 0.0230365 0.0528935 0.321315 0.0207271 0.0172261 0.0851396 0.0272205 0.0558708 0.00784199 
0.021633 0.230827 0.0542263 0.0399863 0.067405 0.00702807 0.00412346 0.136414 0.00331945 0.101539 0.000662018 0.027825 0.242938 0.0434874 0.0185857 
0.0481351 0.199808 0.00654544 0.150799 0.0197475 0.0124441 0.0333892 0.0233696 0.0307432 0.113523 0.00377149 0.0126547 0.0309016 0.0287727 0.285397 
0.192349 0.0124411 0.0120625 0.0310575 0.0413079 0.0987856 0.0249877 0.00628504 0.202701 0.00938192 0.168097 0.013635 0.0463849 0.0500148 0.090509 
0.0554277 0.0375206 0.00699783 0.0462947 0.0142337 0.0625039 0.0338047 0.0278711 0.381045 0.0155631 0.0173492 0.0174406 0.0746306 0.0211934 0.188124 
0.101712 0.00597361 0.107206 0.0236066 0.017984 0.0150159 0.146364 0.0586395 0.0275002 0.14223 0.0531021 0.120151 0.156579 0.0201129 0.0038239 
0.207203 0.00242758 0.016162 0.104299 0.0597202 0.000926541 0.047652 0.151049 0.0604724 0.190936 0.0116946 0.103449 0.0105626 0.0203714 0.0130746 
0.0575058 0.0418908 0.129833 0.00114714 0.0460921 0.0814002 0.0325294 0.0346055 0.00959979 0.140656 0.364056 0.00137435 2.22451e-005 0.0247374 0.0345494 
0.00994541 0.0615035 0.0259067 0.0670339 0.0165276 0.182753 0.0020852 0.0187449 0.000316706 0.0987497 0.136182 0.137426 0.0131125 0.0752499 0.154462 
0.0960454 0.00151596 0.307426 0.017525 0.0615368 0.00160102 0.0231715 0.0379292 0.0249386 0.213025 0.0581823 0.0011385 0.0556429 0.0461229 0.0541988 
0.00138744 0.0447393 0.114008 0.0269103 0.107997 0.0167953 0.266818 0.191024 0.0483884 0.0610026 0.0482573 0.0575083 0.000969165 0.00168785 0.0125057 
0.0242405 0.120188 0.0248337 0.0196898 0.0214809 0.000402916 0.0852024 0.14699 0.168428 0.306622 0.0120424 0.0248961 0.00958955 0.0346473 0.000746213 
0.0144697 0.00204044 0.14285 0.18833 0.0327696 0.0598027 0.0518586 0.0591588 0.0342802 0.0280851 0.0350714 0.158126 0.126782 0.0580286 0.00834669 
0.021823 0.0718188 0.0779101 0.0113751 0.00890104 0.175825 0.00953188 0.0963794 0.274256 0.00612869 0.022773 0.165401 0.0238693 0.0144784 0.0195285 
0.0368993 0.0131868 0.182261 0.0136345 0.0158517 0.0427887 0.0930812 0.0122769 0.00370431 0.373841 0.0907408 0.0154561 0.0332046 0.0274938 0.0455795 
0.0527542 0.0835115 0.0306798 0.0849659 0.140981 0.107663 0.000537887 0.127344 0.0609308 0.0924156 0.00901269 0.10195 0.0850349 0.010493 0.0117261 
0.150804 0.247208 0.0408023 0.0284055 0.0170806 0.000464847 0.197499 0.0100285 0.0322843 0.0368563 0.0323379 0.156823 0.00962737 0.00534035 0.0344388 
0.176689 0.00615305 0.0336487 0.00229481 0.143811 0.0398584 0.136967 0.0290046 0.101516 0.00723612 0.155841 0.0989643 0.0300498 0.0346728 0.00329358 
0.0392056 0.00183783 0.195259 0.0228844 0.146864 0.0121249 0.000455798 0.187008 0.000533089 0.0177641 0.021568 0.0631576 0.0399164 0.00203232 0.249389 
0.00644792 0.105787 0.013832 0.0156332 0.0150948 0.277774 0.0114727 0.140704 0.0284088 0.0370966 0.0202733 0.026233 0.216796 0.00534124 0.0791052 
0.0510405 0.0183251 0.00506717 0.00421044 0.164318 0.0308802 0.263296 0.0126056 0.07532 0.0744578 0.0801193 0.00324901 0.0159365 0.181778 0.0193966 
0.0340998 0.226037 0.00868271 0.131031 0.0231095 0.00494834 0.0134026 0.259661 0.141244 0.00459067 0.0444835 0.000812327 0.0597959 0.00658606 0.0415166 
0.0198972 0.211974 0.0947321 0.00135525 0.0500424 0.023358 0.0703355 0.00215836 0.104226 0.0324857 0.255678 0.0872325 0.0140825 0.0168243 0.0156185 
0.0745375 0.0917783 0.109279 0.0230438 0.00152868 0.0632079 0.0122613 0.0139962 0.00384955 0.0024149 0.0264991 0.155448 0.0371483 0.226288 0.158719 
