  8.3137655e-002  3.5904877e-002  5.5711002e-002  3.7652176e-002  7.3004304e-002  8.2626358e-002  2.9265443e-002  6.8112267e-002  1.9873312e-001  3.4466736e-002  1.1332220e-001  4.4009266e-002  7.1766341e-002  8.3191776e-003  6.3969075e-002
  1.3289024e-002  4.5758115e-002  3.9943500e-001  3.0937524e-001  1.4004398e-002  1.8271450e-002  3.0412970e-002  8.6618122e-004  6.8781334e-003  3.9711925e-002  3.5531032e-002  3.5739826e-002  1.7506761e-002  1.3523280e-002  1.9696664e-002
  1.1118680e-001  7.7368188e-002  1.9348396e-002  2.0736343e-002  1.7617386e-003  6.7251345e-002  1.6645480e-002  2.2248047e-002  9.5732589e-003  2.3335066e-002  9.8721338e-002  3.8137798e-001  2.1720104e-002  3.6397300e-002  9.2328617e-002
  1.0049042e-001  3.5434871e-002  1.1105787e-002  3.5418376e-003  3.9357231e-002  2.1781230e-002  2.5574615e-002  8.2093263e-003  9.2229503e-003  5.5343589e-001  1.9933828e-002  4.6462133e-003  5.8911492e-002  1.0742427e-001  9.3004145e-004
  1.2425306e-001  2.4622529e-001  8.1611355e-002  3.4892983e-002  1.1440085e-002  2.8396218e-003  2.9988581e-002  8.7276198e-003  1.2484909e-003  2.9324264e-002  1.3379752e-002  1.5358851e-002  3.1667099e-001  1.2949011e-002  7.1090042e-002
  2.9888946e-002  3.2568860e-002  6.1519327e-002  9.7334917e-003  1.5474139e-002  1.3680007e-001  3.7049370e-002  9.6754899e-003  3.4001648e-002  1.7145617e-002  1.9578337e-003  3.5926226e-001  7.6612259e-002  1.4634848e-001  3.1962205e-002
  2.0736593e-003  2.9704084e-002  1.2321837e-002  2.2733038e-001  3.1426937e-002  3.8881381e-002  2.9056116e-002  7.8022270e-003  2.8745594e-002  6.1904660e-002  3.1431225e-001  2.7493348e-002  2.8458810e-002  3.1549418e-002  1.2893930e-001
  4.8965092e-002  1.1500071e-002  1.2641579e-002  1.4686563e-002  2.1249913e-001  2.6467902e-001  1.2111629e-002  3.3044291e-002  6.6749832e-003  2.1615754e-002  6.2033158e-002  1.4671488e-003  2.2012662e-001  6.2747239e-002  1.5207723e-002
  1.9428854e-002  6.6904070e-002  3.0770160e-004  3.0285058e-003  8.1709632e-004  2.1223349e-003  5.6267372e-002  5.8680271e-001  2.2208616e-002  1.1881463e-001  1.0783823e-003  6.1631460e-003  1.1811789e-003  1.0979219e-001  5.0832147e-003
  2.2411357e-002  1.1449249e-002  5.2497171e-003  2.7767520e-002  5.4582113e-002  1.0168761e-002  8.5020499e-003  3.5885350e-003  7.9905621e-002  4.9828084e-001  2.1332174e-002  3.3439393e-003  1.0995186e-003  2.1751953e-001  3.4799076e-002
  1.4968072e-002  1.9804016e-002  3.3063415e-002  4.0269185e-001  2.3631624e-002  2.4378485e-003  2.2523551e-002  3.7599668e-003  4.8357363e-002  8.2094762e-002  6.5435163e-002  4.6675651e-002  1.1492826e-001  1.1032736e-001  9.3011103e-003
  1.6942935e-002  2.4785506e-002  3.7290740e-002  5.8408561e-002  4.2071228e-002  5.7382341e-001  2.7687864e-003  2.3523888e-002  1.2084231e-002  1.4362526e-003  7.5344108e-002  1.6449635e-002  2.5264544e-002  7.6657052e-002  1.3149118e-002
  4.1261980e-003  1.1850300e-003  9.7464897e-003  1.7337789e-002  1.1941008e-002  2.2902704e-002  2.1198780e-002  2.0621218e-002  6.2307301e-003  7.5596255e-001  1.3086067e-002  1.2573953e-002  4.8893395e-002  3.0253787e-002  2.3940302e-002
  2.7048616e-002  4.7855677e-001  2.3090783e-002  2.3492179e-003  6.0386235e-002  1.6725139e-002  3.6177697e-002  2.4215616e-002  1.3982990e-002  2.6197067e-002  6.1903013e-002  1.3841843e-001  2.9571450e-002  5.2155073e-002  9.2219024e-003
  2.1244465e-001  4.9944473e-003  1.8770462e-002  1.2980652e-001  8.0191267e-003  1.3965915e-002  1.2365143e-003  5.3441912e-003  1.0729269e-001  1.3127598e-002  2.3016216e-002  8.8102864e-003  2.5096050e-002  3.7645657e-001  5.1618769e-002
  7.3073534e-001  7.5011903e-003  1.7459407e-003  3.1769893e-002  2.2649910e-003  1.5928644e-002  5.5827268e-003  9.5927754e-004  8.8047489e-002  3.2042459e-003  1.7731578e-003  4.0665557e-002  3.0881530e-002  4.9551171e-003  3.3984896e-002
  3.2457613e-003  2.6414638e-002  7.2732350e-002  2.9351831e-003  1.4463916e-001  5.0291944e-002  1.3511264e-001  3.5035316e-001  1.7648130e-003  4.9656344e-003  2.8276409e-002  1.5479128e-001  2.1565672e-003  9.0379227e-003  1.3282549e-002
  3.6435350e-003  2.8394460e-001  5.2613551e-002  2.4975149e-002  2.6748367e-003  3.3753565e-003  9.2530511e-003  4.8379416e-001  1.0687872e-002  1.9530595e-002  1.1655371e-002  2.4935704e-003  3.1010889e-002  1.4055880e-002  4.6291582e-002
  3.9291275e-001  2.3896173e-002  2.8992142e-002  2.4181058e-001  2.5338341e-002  8.5127146e-003  9.7562127e-002  3.4819389e-002  1.9949089e-002  4.2720238e-002  6.0042891e-003  2.7840199e-002  6.1666687e-003  3.8812569e-002  4.6627334e-003
  1.0327265e-002  3.4581261e-004  1.5857049e-004  6.7528220e-003  1.5243002e-003  3.2004447e-004  1.0127273e-003  3.9633693e-003  1.1678090e-003  1.6368872e-004  1.0091697e-002  1.0396395e-003  9.5940774e-001  2.4429684e-003  1.2815435e-003
  4.6900005e-001  2.5319441e-003  2.5810537e-001  2.6436471e-003  2.7434741e-003  5.1583711e-002  2.8343028e-002  1.8991967e-002  1.4357968e-002  3.8087561e-003  3.0296259e-002  6.2306701e-002  6.6504746e-003  4.2342261e-002  6.2943916e-003
  2.3182476e-004  2.6695547e-004  1.6374856e-005  1.7395222e-004  9.9689694e-001  1.5068469e-004  7.8561814e-005  2.8165347e-004  5.3052301e-004  6.6651235e-005  3.2417638e-004  6.8354135e-004  1.4887661e-004  1.3309895e-004  1.6184848e-005
  1.1151183e-002  8.5284308e-003  2.5984353e-002  1.3373714e-002  2.4070875e-002  1.5556038e-001  6.9785906e-002  1.4532855e-003  7.7412014e-003  1.2852340e-002  3.0940065e-001  1.0198036e-001  2.5248395e-001  3.9072105e-003  1.7261636e-003
  1.3919532e-001  5.3419109e-002  1.7497107e-002  7.0824477e-003  3.1751602e-002  2.0960120e-002  4.5800335e-003  5.1515416e-003  3.9770374e-003  1.1600547e-001  1.4532439e-002  1.1449527e-002  1.9542655e-001  2.4377356e-001  1.3519813e-001
  4.1800599e-002  8.9286930e-002  2.8730321e-002  1.2719988e-001  5.8326640e-003  1.2285932e-001  8.1788546e-002  3.1470302e-002  4.7943273e-002  9.2418002e-002  1.5093643e-001  2.1476686e-002  6.0177231e-002  9.1614706e-002  6.4651063e-003
  2.4884696e-003  9.7968354e-003  2.2382192e-003  4.6543203e-002  5.5195748e-003  7.2601921e-002  6.1189005e-003  3.3309687e-001  4.6958930e-002  3.5173753e-001  1.6975218e-003  1.0225981e-002  7.2043597e-002  3.0221302e-002  8.7111476e-003
  2.7388674e-002  3.9403904e-003  1.4070288e-001  8.5998467e-002  1.0445410e-002  3.0589436e-002  2.0790986e-001  5.7254019e-002  6.3936297e-002  9.3783626e-002  2.0698476e-001  3.8159250e-003  5.7598222e-003  1.3942969e-002  4.7547460e-002
  1.3180240e-001  7.0038513e-003  2.0857008e-003  2.1751116e-003  1.5648032e-002  9.3074604e-002  2.5466472e-001  1.3513384e-002  9.6199709e-002  2.9029005e-002  5.4046015e-002  1.4766702e-002  1.5109769e-001  1.1084837e-001  2.4044699e-002
  2.9978219e-003  2.9288523e-002  4.1831272e-002  2.2227513e-002  1.3702116e-001  5.4148836e-003  2.5410232e-001  7.3810490e-003  2.4627942e-001  3.0385432e-003  1.2381337e-001  8.7999023e-002  4.3759795e-003  1.0978981e-002  2.3250126e-002
  9.9049094e-002  5.9735754e-003  5.3024433e-003  1.4871854e-002  9.8858654e-003  1.0209668e-002  2.5583163e-002  1.1737853e-002  3.4415270e-003  8.3304965e-004  7.6730488e-003  1.5560980e-003  1.2316654e-002  7.9084051e-001  7.2560122e-004
  3.8419868e-003  7.0564888e-002  5.3463791e-002  4.5078022e-003  2.9963260e-001  2.5583218e-001  6.9376754e-002  9.3992911e-003  2.0714745e-002  3.5347702e-002  7.5589899e-003  8.5903354e-003  5.5921460e-002  2.3934991e-002  8.1312483e-002
  3.5522301e-003  9.7347559e-003  3.4440251e-002  1.0902729e-001  3.8397246e-001  8.4758981e-002  3.5677142e-003  1.4922367e-002  5.3220790e-002  4.9943266e-002  1.3476247e-001  1.6169153e-002  1.5296640e-002  7.9304073e-002  7.3275639e-003
  6.2608090e-003  5.8746682e-002  1.6379831e-003  2.0945326e-002  1.6325088e-003  4.4580892e-002  1.1363338e-003  3.5839238e-002  8.3558318e-003  1.9105030e-003  8.6398916e-003  7.4651439e-001  2.3292446e-003  3.4167270e-003  5.8053642e-002
  7.2454402e-003  2.9179189e-002  5.4878394e-001  4.3376111e-002  1.6753659e-001  2.1177949e-003  6.6625364e-002  2.2780358e-002  2.0873217e-003  2.2209293e-002  1.4753193e-003  4.0281657e-003  2.8200524e-002  2.2643239e-002  3.1711347e-002
  1.6177634e-002  7.3622519e-003  2.4426195e-002  4.7021803e-002  1.0196330e-001  2.2627193e-001  2.4234119e-002  4.2511545e-002  4.7694591e-003  2.5881291e-002  5.5396987e-002  1.3284655e-001  2.7612253e-001  9.9307792e-003  5.0836242e-003
  7.2193202e-002  1.6786906e-002  1.0686250e-002  4.1298498e-003  2.7423729e-002  2.4628784e-003  4.4680512e-002  2.0435889e-001  1.0324343e-002  4.5544614e-002  1.6622456e-002  8.1751988e-002  3.1807204e-001  1.5136492e-002  1.2982585e-001
  1.1661220e-002  2.2119477e-001  4.8861249e-003  2.2458341e-001  1.2278498e-001  1.0845032e-002  1.1537686e-001  2.6445911e-002  5.2992594e-003  3.0988475e-002  2.9542680e-002  4.2048870e-002  2.0045519e-002  5.1894586e-002  8.2402299e-002
  2.9117439e-002  1.3924073e-002  1.4086499e-002  3.4386367e-001  7.3964208e-002  2.3675192e-003  2.2389004e-003  2.9193414e-001  4.2300609e-002  1.3190572e-001  5.2475387e-003  2.2504618e-002  4.4276449e-003  9.5750011e-003  1.2542422e-002
  1.2275326e-002  1.8555812e-001  2.5029489e-002  1.8116093e-002  2.8776368e-002  1.3574589e-002  3.3800643e-001  3.2796668e-002  6.6500814e-002  2.4787100e-003  1.4143323e-002  3.5539363e-003  2.2077634e-002  1.6283700e-001  7.4275496e-002
  3.1165047e-003  7.3884760e-004  5.0510745e-003  1.1845386e-002  3.5752356e-003  3.5664573e-002  6.9224155e-001  5.7276687e-004  1.2502736e-002  6.4368192e-003  1.7520377e-002  1.6243963e-001  9.5138188e-003  2.9634864e-003  3.5817190e-002
  1.0596476e-003  3.0566392e-002  4.4672407e-004  2.9530994e-003  1.7280266e-003  1.9005743e-002  9.2003960e-001  3.8601251e-004  3.6909162e-003  2.8811557e-003  5.6829611e-003  2.4178143e-004  6.3245367e-004  4.7381194e-003  5.9473644e-003
  1.4830368e-002  1.5673923e-001  2.0933860e-002  7.2963523e-002  3.0387849e-002  3.2136467e-002  2.1997476e-002  1.8500879e-001  7.8295115e-003  5.2715084e-003  7.1473399e-003  1.6306359e-001  1.1841730e-001  1.1905318e-002  1.5136787e-001
  1.6690504e-002  2.8516995e-003  1.2592218e-002  3.8380427e-003  2.3231002e-002  6.2230985e-002  3.1593322e-003  2.4555110e-001  2.0146288e-001  5.1311891e-002  2.0977743e-001  2.5496552e-002  3.1693863e-002  6.4975618e-002  4.5136881e-002
  4.2970541e-002  2.5900613e-002  4.2498576e-002  5.5165556e-001  3.6054182e-003  1.4886528e-002  1.0653056e-001  4.9633806e-002  5.9599705e-003  3.2021484e-002  1.0193293e-002  3.1447625e-002  4.9617592e-003  4.6102951e-002  3.1631313e-002
  2.9264329e-003  1.7816818e-001  3.1280790e-001  4.0663249e-002  6.1571118e-002  2.9986439e-003  6.1699027e-002  2.5591084e-002  5.8126941e-002  1.2851158e-001  1.1196406e-002  5.1199876e-002  4.6311806e-002  7.2045381e-003  1.1023222e-002
  4.1283061e-002  3.3692333e-003  1.1582207e-002  1.7524362e-003  3.1123505e-002  3.1992794e-002  3.6061247e-003  7.8728999e-003  5.9203125e-003  1.5368632e-002  1.6643834e-003  1.0716763e-002  1.5957414e-003  5.8632103e-001  2.4583088e-001
  1.6147454e-002  2.6267470e-002  2.3330004e-003  2.9569801e-003  5.2878493e-003  5.4716049e-004  1.2236251e-003  8.6269648e-001  6.2804306e-002  7.8488836e-003  2.6300848e-004  2.9397228e-003  7.0863444e-003  2.7281036e-004  1.3249054e-003
  5.3448971e-004  2.2612712e-002  1.4919754e-001  3.6776490e-003  8.8872583e-002  3.7886993e-003  6.1211004e-001  4.7754148e-004  2.5288362e-002  5.6631482e-003  2.2452495e-003  8.6380159e-003  1.3588860e-003  6.9870131e-004  7.4836383e-002
  3.9172789e-003  4.6434039e-002  1.4852344e-001  7.1302271e-002  1.8784353e-001  1.9142457e-002  1.0622002e-002  1.2111262e-001  3.3943960e-002  4.3510828e-002  9.8090071e-003  2.4092544e-001  2.8362492e-003  2.3675281e-002  3.6401585e-002
  1.1384747e-003  1.0577210e-001  5.2254152e-001  2.0892227e-002  5.8187216e-003  9.9002350e-003  1.9203914e-002  5.9625159e-003  9.7294987e-002  2.6587590e-002  1.1937396e-001  1.3402357e-003  8.6994260e-003  5.3759022e-002  1.7150716e-003
  4.2380939e-003  1.6969973e-002  1.6098660e-002  4.1739574e-002  7.8862050e-003  1.5198797e-002  1.7220171e-002  7.0682731e-001  1.4507693e-003  3.0841467e-002  1.8612711e-002  2.1729453e-003  1.3581767e-002  9.3364505e-002  1.3797051e-002
  1.2319790e-001  1.2671836e-002  2.4635286e-002  1.0808583e-001  3.4140516e-002  7.3661008e-002  1.0967896e-001  2.6147907e-002  9.7662740e-002  2.8524777e-003  4.3806983e-002  2.5184461e-001  4.8857195e-003  7.8207214e-002  8.5210136e-003
  8.0394735e-002  6.5018764e-001  1.3813520e-001  1.5760668e-002  7.1328100e-003  2.4712012e-002  4.0937341e-002  1.9405384e-003  3.7448452e-003  3.0556688e-003  8.8390424e-003  7.6246556e-003  1.9894716e-003  5.5406271e-003  1.0004741e-002
  5.4321455e-003  1.6459374e-002  4.3806148e-003  6.9301811e-003  1.1006881e-002  1.3889549e-001  7.3040089e-002  1.7104050e-002  2.8224024e-002  4.6516330e-001  1.5817789e-001  5.6751648e-002  5.5132445e-003  7.2842552e-003  5.6368220e-003
  1.1772701e-002  5.3022797e-002  4.3167842e-002  5.6558256e-003  3.3084085e-003  1.8998152e-002  2.4482911e-001  1.0565706e-001  1.5746356e-001  3.0821554e-002  1.8394821e-001  2.5493765e-002  9.7973660e-002  4.9890863e-003  1.2898271e-002
  8.1193557e-003  1.3069737e-003  3.1156827e-002  6.9851967e-002  2.7658851e-002  1.5115891e-003  6.9613012e-001  7.4741428e-002  3.8181690e-002  2.1219575e-003  7.9557112e-003  2.3051332e-003  1.5859539e-002  5.9845376e-003  1.7114320e-002
  1.5013216e-002  4.4387484e-002  9.0551162e-002  3.2692112e-001  3.4403506e-003  3.1613232e-003  1.8952372e-002  2.7806003e-002  9.8005837e-002  3.0911405e-002  3.4375303e-003  4.4738178e-002  1.6480153e-001  1.1620412e-001  1.1668370e-002
  8.3225810e-003  6.0386697e-003  2.5833765e-001  7.8533123e-002  1.9010039e-002  1.0677072e-002  1.3755100e-002  1.3108654e-002  1.0903249e-002  2.9031670e-001  7.6482540e-003  6.8776341e-002  3.6844147e-002  1.0389707e-001  7.3831355e-002
  1.5268362e-003  5.5472172e-003  9.9258156e-002  7.5495061e-004  2.1483220e-001  5.6625564e-003  8.4797222e-003  9.9411628e-003  1.3061837e-003  1.7948402e-003  6.1615100e-001  5.1351015e-004  1.1119759e-003  4.3359183e-003  2.8783766e-002
  1.4794860e-003  1.5226236e-004  1.5473052e-004  4.1025263e-003  1.0371201e-001  1.9945951e-003  3.5219806e-004  3.4960527e-004  1.8795486e-003  8.4189938e-001  2.5873850e-004  1.6574819e-004  7.2728797e-004  4.2433274e-002  3.3861043e-004
  1.2087608e-002  6.8587620e-002  2.1032383e-002  5.8260285e-003  1.9473244e-002  5.6245700e-003  1.8038733e-003  5.9451916e-003  6.7203024e-003  1.2921998e-002  1.0700793e-002  3.3399172e-003  8.1585949e-001  8.7879641e-003  1.2890115e-003
  4.3339491e-002  1.4085331e-003  2.2160775e-002  1.7782971e-002  6.8451588e-003  3.9171986e-002  1.9115137e-001  3.1209344e-003  5.6064830e-002  5.8916145e-003  2.4008623e-003  5.8188260e-001  1.5045698e-002  1.2198491e-002  1.5346831e-003
  2.3697087e-003  1.6052521e-002  1.1075969e-001  6.4003302e-002  2.9771917e-003  1.9344814e-002  1.0821726e-002  8.3501571e-002  7.3269926e-003  8.7405729e-003  3.4788592e-002  5.5194871e-002  2.0209049e-002  1.8294121e-001  3.8096818e-001
  1.2803756e-001  1.1457200e-002  9.1724632e-002  9.0118175e-003  5.7736289e-003  3.1694658e-001  3.5803268e-003  3.4587318e-002  3.7636443e-002  1.4524635e-001  1.5793193e-001  4.1594071e-003  4.9224887e-003  2.6602589e-002  2.2381726e-002
  2.1234430e-001  3.7295686e-003  1.4661293e-002  6.9482077e-003  1.0905439e-001  9.1040218e-002  3.5441294e-002  1.4760868e-002  2.2016089e-001  9.4865427e-003  3.3554914e-003  1.5760997e-001  2.4181644e-002  4.4966696e-003  9.2728649e-002
  1.0462719e-002  2.2450992e-001  3.6745682e-002  1.2099960e-003  1.0099890e-002  2.0079288e-002  9.0509239e-004  1.5759693e-002  2.5090005e-003  4.3541447e-003  2.2164450e-002  5.6873014e-001  1.3873762e-002  8.1686658e-003  6.0427551e-002
  1.0084909e-001  2.7357235e-001  6.8336476e-002  6.9624418e-003  1.7493996e-002  7.7889313e-003  1.9900505e-001  4.3497225e-003  1.9281790e-002  7.7996148e-002  5.6405243e-002  8.7143072e-003  1.1600929e-001  1.6029445e-002  2.7205714e-002
  3.9383893e-002  4.5770280e-003  2.9192131e-002  1.2489228e-001  3.0833327e-002  2.0126084e-002  1.8284091e-001  6.6583973e-003  1.0629123e-003  1.8073691e-003  2.4078833e-001  2.7755724e-001  1.8658201e-002  1.7958795e-002  3.6631082e-003
  1.3540469e-002  6.9949003e-003  3.9492047e-003  5.1712175e-002  4.5716835e-003  4.9659159e-002  1.0038817e-001  1.9429161e-002  1.3197416e-001  1.9571832e-002  7.3137406e-002  1.7630552e-001  2.6133842e-001  6.4980680e-002  2.2447061e-002
  2.1859625e-001  4.6373566e-002  1.4917467e-002  3.0690672e-002  2.8655260e-003  2.6782494e-002  4.3823851e-003  5.5059799e-003  1.1193398e-002  4.1653102e-002  2.7271581e-002  5.4098130e-002  1.3361830e-001  4.6833224e-002  3.3521792e-001
  4.6681746e-001  2.3139011e-002  2.4918509e-002  3.9432396e-002  6.9052366e-003  9.2028286e-003  2.1142307e-002  1.1087952e-002  3.4477595e-003  2.3639543e-001  6.2152797e-003  9.6273259e-002  3.1863482e-002  3.5182573e-003  1.9640834e-002
  2.4691474e-002  6.5591487e-003  3.2125783e-002  6.3683620e-002  6.1128040e-003  2.4732293e-002  2.2562443e-001  1.8238732e-002  6.5258576e-003  1.8064442e-002  1.2446253e-001  2.4292679e-003  4.3551587e-001  7.7672044e-003  3.4665524e-003
  4.1212030e-002  1.4522177e-002  5.0220487e-002  5.4252120e-002  5.2624182e-001  3.8846295e-003  8.2996056e-003  7.2407291e-003  1.4363467e-002  4.0136503e-003  5.5405081e-002  1.5334923e-001  2.5470391e-002  3.3292342e-002  8.2322474e-003
  2.7126969e-003  2.1156442e-001  2.1750342e-003  2.7308986e-001  8.6821585e-002  2.6156767e-001  3.5984641e-002  5.6426319e-002  1.1307313e-002  3.5292844e-003  7.1411687e-003  2.4154416e-003  1.8045258e-002  8.4130479e-003  1.8806270e-002
  1.5084869e-001  1.9500393e-002  4.9377194e-002  3.6401410e-003  1.9107331e-001  1.1662696e-002  3.1776296e-001  8.7277745e-003  4.1085513e-003  3.0398527e-002  5.5411888e-003  4.7469997e-002  1.0378248e-001  5.1014454e-002  5.0916534e-003
  1.8868903e-001  4.7777843e-001  2.5020871e-002  1.9922288e-003  2.7821427e-003  1.9044353e-002  1.0418077e-001  7.7894748e-002  2.3695975e-002  7.0484935e-003  2.5995727e-003  3.6803657e-002  1.5520898e-002  8.4899478e-003  8.4588805e-003
  3.7150077e-002  1.3239853e-001  6.4841899e-002  1.7029613e-002  7.8852051e-003  3.5061778e-002  5.2321051e-002  2.9551235e-002  6.3982703e-002  4.9952091e-003  3.4376922e-001  1.2458540e-001  6.3114414e-002  1.2987648e-002  1.0326014e-002
  1.8033003e-001  1.2281337e-002  4.7861249e-002  3.5441303e-002  9.1821415e-003  1.0929340e-001  3.7021875e-003  3.5982576e-001  4.5574740e-002  8.1340860e-002  3.5744983e-003  4.2008725e-002  1.1686443e-002  5.2720356e-002  5.1769753e-003
  3.3219551e-002  5.7436090e-002  3.5400752e-003  2.7912293e-002  6.3166637e-002  3.1174153e-003  1.5716590e-002  6.1411077e-002  8.3800134e-002  1.9648364e-002  5.7244093e-003  5.9751473e-003  6.2207027e-003  5.9834578e-001  1.4765736e-002
  1.7120922e-001  1.8628622e-002  2.7972752e-002  8.8740277e-002  1.1957063e-002  1.7983614e-002  5.2009726e-002  3.2683448e-002  5.7028025e-002  4.3413504e-001  2.5490313e-002  1.7659231e-002  3.3519479e-003  3.4669456e-003  3.7683772e-002
  4.6619639e-004  3.4522460e-003  7.2410224e-004  2.2857172e-004  2.3852670e-004  1.3308261e-003  2.3204027e-003  9.7936266e-001  2.0719257e-004  7.5947111e-004  4.5226500e-003  6.6368752e-004  2.5372662e-003  1.4887490e-003  1.6974483e-003
  5.8390430e-003  3.6702823e-003  2.4842818e-002  2.3690990e-002  1.1788884e-001  7.5605294e-002  2.7376451e-002  1.9153814e-001  2.5078116e-002  9.9512390e-003  5.8372557e-002  3.7002609e-001  3.3986691e-003  5.7374453e-002  5.3470280e-003
  2.8730653e-002  4.4551691e-001  1.9483532e-003  2.4005234e-003  5.5401280e-003  7.3706775e-003  1.1082778e-001  2.3548616e-003  5.7459818e-002  2.0651355e-003  8.0584494e-002  1.7758374e-001  5.0657773e-002  4.9222997e-003  2.2036851e-002
  6.1338842e-002  8.9730579e-002  1.5095582e-002  5.0558760e-003  1.0238428e-001  4.2567713e-002  5.6740263e-002  2.0005459e-001  2.4126219e-001  8.9385443e-003  5.2678050e-002  8.0003639e-002  3.9882101e-003  2.9669431e-002  1.0492200e-002
  4.4813774e-001  1.5190964e-001  1.9809415e-002  1.4001887e-002  4.5019509e-002  1.7661266e-002  1.4966352e-002  1.3503874e-002  1.4634620e-001  1.2809309e-002  3.8644863e-003  4.7134682e-003  1.1941079e-002  1.9913013e-002  7.5402761e-002
  7.9319644e-002  6.5071408e-002  9.7445447e-002  3.7421215e-002  6.2719903e-002  1.1354572e-001  2.0971925e-002  1.1831986e-002  6.7177782e-003  7.3099085e-003  1.7704143e-001  6.3830019e-003  2.4921479e-001  1.7502812e-002  4.7503032e-002
  1.3404104e-003  1.8377332e-001  2.8969288e-002  2.9092018e-001  1.2020268e-002  1.0431784e-002  6.6583702e-002  1.3679868e-002  3.6884538e-003  9.6439591e-004  3.0266751e-001  6.9611553e-003  5.1221363e-004  7.6344512e-002  1.1429401e-003
  6.1699419e-003  3.1870886e-002  3.2261815e-002  2.9859742e-002  4.0024944e-002  6.4801763e-002  1.4738233e-002  1.8623213e-002  2.1317641e-001  1.1804298e-002  3.6087614e-002  1.0275417e-001  6.0343687e-003  3.8914800e-001  2.6446048e-003
  4.2540350e-003  1.0061516e-001  2.1160275e-002  2.4863362e-002  1.1812199e-001  1.5105081e-002  1.1951635e-001  2.8324324e-002  2.7185168e-001  2.1814237e-001  6.1799713e-003  3.5740382e-002  2.7671776e-002  4.8035644e-003  3.6496916e-003
  2.3155230e-002  1.2677182e-002  8.6113284e-002  4.2764687e-002  2.4213156e-002  3.0385076e-001  7.3154198e-002  4.5839541e-002  2.8002944e-001  3.0243780e-002  3.7706298e-003  3.5508809e-002  2.1442830e-003  1.9025616e-002  1.7509407e-002
  3.8150366e-002  3.4122124e-003  6.5999286e-003  2.8560112e-002  1.0874454e-001  1.2016758e-001  7.5055717e-002  5.4797837e-002  2.4935431e-001  1.1287888e-001  1.4787075e-001  1.6753107e-002  4.3512475e-003  4.6430537e-003  2.8660353e-002
  2.1984599e-001  4.3626982e-002  2.7393450e-002  8.0175294e-003  3.2313640e-002  4.0657325e-003  3.1885747e-001  3.9293588e-002  8.9826370e-003  2.0728395e-001  4.4719496e-002  2.9169203e-002  9.1539575e-003  3.2482996e-003  4.0280714e-003
  1.1967507e-001  4.6574447e-003  1.0873092e-002  9.6355996e-002  4.3765366e-003  6.0411471e-003  2.1901582e-002  1.3377171e-002  1.8494956e-002  8.1646272e-002  2.5714635e-002  1.7771724e-001  1.9356305e-001  5.2829445e-003  2.2032286e-001
  4.7466197e-002  4.6929976e-003  4.0174135e-002  4.0310910e-002  3.1062225e-002  1.1007924e-001  3.2256692e-001  1.9932157e-002  2.6807454e-002  5.7610117e-003  1.9285219e-002  5.2761405e-002  1.2476915e-001  4.5797855e-002  1.0853312e-001
  5.9679639e-001  6.2479356e-003  1.1983729e-002  4.4272441e-002  2.5024937e-002  6.2583871e-002  3.4281615e-003  1.6340488e-003  9.9014048e-002  2.4512262e-002  1.8253396e-002  4.9507174e-002  1.2140162e-002  2.5627245e-002  1.8974197e-002
  1.4829416e-003  2.9923908e-003  5.4705123e-002  1.0589508e-003  2.9604796e-002  1.8437493e-002  1.4239250e-002  1.7079096e-003  4.5626498e-004  6.4987716e-002  1.8497581e-003  7.0756954e-003  1.4839874e-002  3.7361684e-003  7.8282567e-001
  1.4536904e-002  1.0849015e-001  3.5142593e-002  6.8662280e-003  8.1838812e-002  4.3887554e-002  5.1217578e-002  9.9089137e-002  2.8623843e-002  5.9059518e-003  3.1200631e-001  4.6943232e-002  2.1961146e-002  5.5829763e-002  8.7660791e-002
  4.9344809e-002  1.7792247e-002  2.7044318e-001  1.0363192e-001  1.4389771e-002  1.3095025e-001  3.5907996e-002  2.2813432e-002  8.1488689e-003  5.3465996e-002  6.6686925e-002  1.1883476e-001  9.9156329e-002  1.6086938e-003  6.8248215e-003
  1.3237036e-003  9.2923865e-001  1.0056424e-002  1.1531722e-002  1.0666147e-003  4.0436589e-003  2.8076635e-003  7.8819824e-004  2.2508038e-003  4.4702452e-003  7.9699009e-004  1.0496747e-003  9.2296430e-003  2.0554425e-002  7.9158266e-004
  1.7873829e-002  3.3635176e-003  5.6259433e-003  2.7160267e-002  2.0935163e-002  3.7249329e-001  2.0060566e-003  2.7821141e-001  2.0852344e-003  3.7151918e-002  9.0833710e-003  1.2022522e-001  5.1625857e-002  4.1444607e-002  1.0714313e-002
  2.8578765e-002  2.4450153e-003  1.8191916e-003  8.4298129e-003  2.6765274e-002  7.8866047e-003  1.6755838e-002  2.8378961e-003  1.5827410e-002  9.5776538e-003  1.3458101e-001  1.0620063e-002  7.0384311e-001  2.6153212e-003  2.7417035e-002
  2.8807495e-003  2.9873983e-003  4.8595288e-004  1.0764452e-002  1.2044684e-002  4.0016675e-003  1.7877262e-003  6.8241838e-001  8.5496171e-003  6.9323559e-003  9.2447328e-004  2.5581698e-001  8.6012284e-003  7.7601471e-004  1.0283226e-003
  1.6793137e-003  1.6770288e-002  1.9345030e-002  2.6460590e-002  1.0177596e-002  2.8712251e-002  5.4418980e-003  5.0259805e-002  5.1434694e-003  1.6808699e-002  1.4014693e-002  2.6630200e-003  3.0556624e-003  7.6615732e-003  7.9180611e-001
  5.0404729e-003  1.3512562e-002  1.1184034e-002  2.9114200e-003  1.6507240e-002  2.5259222e-003  1.1628553e-002  6.5523333e-003  8.4131319e-002  1.3510329e-001  2.9502593e-001  7.6783042e-003  2.7119408e-003  3.9876234e-001  6.7243408e-003
  4.2439788e-002  1.2114875e-001  1.6778798e-001  3.0438627e-003  1.6875097e-002  1.3296904e-002  1.4505274e-002  5.5361263e-002  1.9558077e-001  5.2823057e-002  1.1384362e-002  5.6924276e-003  4.5051010e-002  9.9241201e-003  2.4508533e-001
  4.1617103e-003  1.9088399e-003  6.6742377e-004  3.1812930e-003  9.0055588e-003  8.1047314e-004  5.6023703e-002  5.8429601e-003  3.4094775e-003  1.6365338e-002  1.2621375e-001  2.1115465e-002  2.4802294e-002  6.9349689e-001  3.2994824e-002
  1.1380298e-002  2.2512477e-003  2.4527193e-002  4.3862799e-003  8.8413521e-004  8.9932700e-003  2.5472240e-003  1.0066596e-001  8.0297706e-001  9.5352316e-003  4.3321985e-003  1.4090921e-002  5.0099693e-004  6.7731914e-003  6.1547992e-003
  3.5600312e-003  2.6586840e-002  5.7536291e-003  1.1897477e-002  6.2413696e-002  1.7327365e-002  2.7791020e-001  5.5007925e-002  8.9509653e-003  1.6954062e-001  4.9007177e-002  5.2985537e-002  5.1978750e-002  1.7455102e-001  3.2528761e-002
  1.9157709e-003  1.3627060e-002  5.1500334e-001  1.6654041e-002  5.9378992e-003  2.1492936e-003  2.6896290e-003  1.8200107e-003  1.6555664e-001  4.7803949e-003  1.6902890e-002  2.8147806e-003  6.3480618e-003  1.3488246e-001  1.0891773e-001
  7.7307603e-003  3.3308362e-002  1.8026684e-002  9.7267305e-003  3.6658832e-001  3.0696674e-002  2.8086606e-003  9.9754342e-003  4.6629522e-003  2.5250730e-002  9.9505452e-003  4.5834798e-001  3.2739393e-003  9.8343024e-003  9.8179199e-003
  2.3296399e-002  3.6036688e-003  1.9044254e-002  5.8013548e-002  1.8543130e-003  4.2510674e-004  1.5753825e-003  3.5701387e-003  1.2156009e-002  1.8187969e-002  2.7958497e-002  1.4377174e-002  2.1441134e-003  2.2379325e-003  8.1155550e-001
  2.8070321e-003  2.5777463e-004  8.0445514e-004  5.9054013e-003  4.1099441e-003  2.2208801e-004  2.2965292e-003  1.3571664e-004  2.6077792e-004  9.6557590e-001  1.8430948e-003  1.4749483e-003  8.8365633e-004  1.2837674e-002  5.8500555e-004
  1.1972187e-002  1.5465954e-002  4.7196943e-002  1.4634950e-001  4.9544826e-002  2.9892526e-001  1.8795360e-002  5.3318481e-003  1.4875921e-001  4.4205130e-003  1.1237105e-002  3.0610829e-002  1.7067067e-001  2.7462102e-002  1.3257693e-002
  1.4852544e-002  9.0094755e-002  1.4667672e-002  6.3952749e-001  2.5149935e-002  3.5180863e-003  1.0517199e-002  5.6173484e-003  3.7744934e-002  1.3796230e-002  6.8219464e-003  1.3362262e-002  3.0691189e-002  3.7689394e-003  8.9869469e-002
  9.9642732e-003  2.5324723e-003  4.4408790e-003  5.8401610e-003  1.2598976e-003  1.6934011e-002  7.5554697e-003  7.7654000e-001  6.1449267e-003  1.8590378e-003  1.3632393e-003  5.8295868e-003  5.0863901e-003  7.3265266e-002  8.1384390e-002
  3.4989283e-002  2.7530084e-002  1.6865304e-001  1.5318383e-001  9.1105946e-002  5.2624741e-003  9.4711407e-002  2.7859341e-002  6.9826744e-003  7.4329640e-002  1.8384273e-002  9.9353876e-002  1.4422908e-002  1.5467766e-002  1.6776346e-001
  3.0144862e-002  2.0579903e-002  2.4827768e-002  3.4258864e-003  1.7561790e-001  4.9449604e-003  3.5200250e-003  6.4561616e-003  3.0461565e-001  6.6535432e-002  1.2823971e-002  7.0205346e-002  1.5797568e-001  2.8132145e-002  9.0194309e-002
  1.7208433e-002  7.1686226e-003  1.4445016e-003  2.0814468e-003  3.9365933e-003  3.3756882e-003  1.8891566e-003  4.5182039e-001  4.1729094e-003  5.9143598e-003  1.9819984e-002  6.0646839e-003  1.5970780e-001  2.6159417e-001  5.3801253e-002
  1.7046452e-001  2.6979218e-003  1.6652213e-001  1.8743991e-002  1.1394700e-003  2.8600108e-001  2.6908742e-002  2.9117075e-003  2.2342797e-003  1.8926925e-001  9.8262669e-003  4.0475422e-002  5.8789478e-002  1.8225938e-002  5.7897996e-003
  4.8209291e-003  1.6151342e-001  1.4906332e-001  7.0697309e-002  1.5136814e-002  2.1631246e-002  1.7202725e-001  1.4662575e-002  1.7381876e-001  9.1208496e-002  3.6826470e-003  1.3254757e-002  3.4277469e-002  7.0803621e-003  6.7124637e-002
  1.0146506e-001  3.0516205e-003  3.1653720e-003  9.1910721e-003  8.6963976e-003  5.2495274e-002  3.6654293e-002  6.1943244e-001  2.2010183e-003  4.5553114e-002  3.4170261e-002  3.8179196e-002  6.3555636e-003  2.4083299e-002  1.5306016e-002
  3.9654831e-003  3.8401278e-002  2.0049218e-001  5.4045407e-002  2.4984267e-002  1.3565313e-001  1.9073515e-002  6.8743961e-003  6.5837738e-003  7.0819845e-002  2.1849546e-002  1.7809682e-001  1.8425842e-001  3.0072530e-002  2.4829410e-002
  1.3617078e-001  7.1967042e-002  1.0383794e-001  5.3090512e-002  1.7730350e-002  1.1081744e-001  1.9495875e-002  4.6885722e-003  1.5592255e-002  8.9072060e-003  1.1680495e-001  8.5781749e-002  1.1506728e-001  6.0804202e-003  1.3396763e-001
  5.6110935e-004  3.6452162e-003  1.5220938e-003  3.8852927e-004  1.3080770e-002  7.1535544e-003  8.7551441e-004  7.6034753e-004  1.6112668e-003  3.9489216e-003  1.6897644e-002  9.3676421e-001  4.2464061e-003  8.1592085e-003  3.8521123e-004
  1.0209665e-001  1.3290088e-002  6.6063931e-003  6.7846239e-002  4.6667628e-002  5.3607551e-002  1.3796398e-001  1.8038180e-001  8.3002078e-002  1.6679980e-002  5.1836408e-002  4.5384247e-002  8.8953791e-003  1.5226171e-001  3.3479860e-002
  7.0345233e-003  3.8148735e-002  3.7739768e-001  4.8977563e-003  2.9866737e-003  3.3800940e-003  4.8648210e-003  8.0423001e-002  1.8090689e-001  1.0578082e-002  1.4748517e-002  6.2309945e-002  8.6374205e-003  1.5712668e-001  4.6559180e-002
  3.0792607e-002  6.7643625e-004  1.1712148e-002  1.2936527e-003  2.9791680e-002  4.7779417e-002  4.3538772e-003  3.2145177e-003  2.0664604e-002  7.6001798e-003  1.9328674e-002  1.3686420e-002  8.0567051e-001  1.9681249e-003  1.4671493e-003
  4.6472783e-002  1.4379741e-002  4.3995595e-002  7.5607267e-002  1.6592799e-001  2.6473649e-003  6.5844735e-002  1.7687292e-002  3.1285418e-001  1.2655141e-002  3.9253496e-002  2.9469127e-002  7.9056633e-002  9.0421937e-002  3.7267208e-003
  5.5340846e-004  9.0944593e-001  4.1776762e-003  1.0249506e-002  9.5630508e-004  7.8906097e-003  8.7342230e-003  1.5307910e-003  1.0255324e-002  8.5361771e-003  1.3000369e-002  8.7000843e-003  1.3389936e-003  1.3741795e-002  8.8880686e-004
  1.0354500e-002  2.7153518e-001  1.4012968e-002  2.4354072e-002  3.2473359e-002  2.8551321e-002  1.3532698e-001  3.1743643e-003  1.8572487e-002  1.4631559e-001  1.8648344e-002  6.7484417e-002  9.2962625e-003  1.0256515e-001  1.1733500e-001
  6.6242301e-003  5.0293773e-003  2.7237356e-001  5.5813500e-003  7.3563159e-002  6.5472013e-002  4.3555007e-002  6.6453902e-002  1.9572827e-002  1.5363927e-002  2.8254052e-002  8.2968773e-003  2.1111676e-001  1.6305827e-001  1.5684684e-002
  5.8301680e-003  2.6629537e-002  8.0406641e-004  2.6427921e-003  1.0308240e-002  7.5327634e-001  2.5427423e-003  1.2117049e-003  5.0101718e-002  8.2047114e-003  1.0775256e-002  6.9932828e-002  4.0568759e-002  1.5615712e-002  1.5554241e-003
  5.4571887e-003  6.0082143e-001  7.1111641e-003  2.3365481e-002  5.4597403e-002  9.2153914e-002  9.1063871e-002  1.0124288e-002  3.4361662e-003  6.4277055e-003  1.9594897e-003  1.4131649e-002  3.5217377e-003  7.3833984e-002  1.1994531e-002
  2.5078376e-003  1.0510344e-001  9.3231363e-003  2.7611432e-002  1.9538552e-002  2.6296305e-002  1.6319023e-002  8.6747374e-002  6.5004096e-002  4.9043163e-003  1.9520001e-002  9.2059994e-003  1.6303434e-001  3.8456529e-001  6.0318856e-002
  6.0224371e-002  2.6478229e-002  4.1416244e-001  1.0350033e-001  1.0313419e-002  4.7086219e-003  3.0194837e-003  2.3030943e-001  3.5098027e-002  8.4571794e-003  4.0000685e-002  2.9005711e-003  1.4152643e-002  3.9868007e-003  4.2687771e-002
  1.7417098e-002  5.9114593e-002  1.2206417e-002  3.0332540e-002  7.6488191e-003  2.2823760e-002  1.3095372e-002  1.3006413e-001  4.1667311e-001  1.8794831e-003  2.4668862e-001  2.2446602e-003  3.6239073e-003  1.7761955e-003  3.4411302e-002
  7.6108825e-003  9.0541505e-003  4.6587223e-002  7.3866428e-002  8.9509464e-002  1.7854085e-002  3.0662606e-001  9.9784612e-003  4.4947945e-002  7.3351477e-002  1.8551691e-001  1.8344477e-002  8.7945193e-002  2.0119475e-002  8.6877671e-003
  1.1946396e-003  3.2310181e-003  7.4961452e-003  1.6335459e-002  2.7373046e-001  9.2853930e-004  4.9535213e-003  4.3400091e-001  2.2700441e-001  1.1194965e-002  3.2880418e-003  7.2221380e-003  8.2784432e-004  1.0890242e-003  7.5028843e-003
  6.4964048e-003  8.3884792e-002  1.3729899e-002  1.5117067e-003  3.5633550e-003  7.3533978e-001  1.3249119e-002  1.4010788e-002  1.3733536e-002  1.5991397e-003  2.5319310e-003  2.0743810e-003  8.2677544e-002  2.3773791e-002  1.8238362e-003
  1.8783755e-002  3.3560793e-002  2.0890979e-002  2.6119012e-002  1.8360072e-001  1.0316799e-002  3.6156622e-002  1.7368115e-001  1.4371514e-002  5.9916452e-002  1.3932291e-001  8.0525200e-002  1.1927803e-001  7.1323318e-002  1.2152741e-002
  3.2319199e-002  1.7657322e-002  8.4017625e-003  4.4768900e-002  7.2893767e-003  5.1069107e-002  7.1118309e-002  3.8781692e-002  6.8330203e-002  2.8963732e-001  1.1422356e-002  5.7981445e-003  6.7215493e-003  4.0070993e-002  3.0661376e-001
  5.4857296e-003  6.0023152e-003  1.4144346e-002  1.0010376e-001  1.3073950e-002  1.3996460e-002  5.1502741e-003  2.0611548e-002  2.0768347e-002  5.2371130e-003  1.9190065e-001  2.4167438e-002  4.9822645e-001  1.4475251e-002  6.6656359e-002
  6.9584524e-002  1.3213337e-002  8.6430933e-003  4.8518718e-003  8.4611732e-003  4.3062229e-003  2.2087523e-001  7.2996804e-002  4.8175063e-002  5.0653178e-003  6.6193469e-003  5.5553009e-002  2.5585566e-002  3.3540112e-001  1.2066832e-001
  2.8096067e-002  7.1877028e-003  1.6398467e-002  4.3743332e-002  8.8354239e-003  3.0561153e-002  1.4379256e-002  6.6335911e-004  1.1084343e-001  3.6775247e-002  6.5791671e-001  1.6273704e-003  3.3903764e-002  4.4837278e-003  4.5849951e-003
  1.1291696e-001  3.3154797e-002  1.0520824e-002  8.4444575e-002  1.0324257e-002  1.2593520e-001  3.9046886e-001  1.3760645e-002  1.9667076e-002  3.9455808e-002  6.2149507e-002  2.5763435e-002  5.9885109e-002  6.8037174e-003  4.7492364e-003
  4.2102846e-002  9.6268118e-003  3.4194377e-003  1.5487577e-003  1.7760211e-003  5.3015364e-002  2.3509876e-001  4.2969226e-003  3.2242373e-001  5.9919740e-003  1.3414299e-001  1.3963838e-002  1.1957488e-001  8.0807727e-003  4.4936894e-002
  4.0818650e-002  5.0846357e-003  3.8801452e-002  5.2617853e-003  5.4320521e-002  1.0748916e-002  1.6945654e-002  3.8398081e-003  1.2189556e-001  5.8976697e-001  1.1085838e-002  8.0483721e-002  7.4769691e-003  4.9062833e-003  8.5632360e-003
  1.6628227e-002  1.6320460e-002  1.9206384e-003  4.2656436e-003  1.8686683e-001  2.0600263e-002  2.0128235e-002  2.7011488e-002  1.2787285e-002  3.3196585e-001  2.9495177e-003  9.1358805e-003  1.1674120e-002  2.8744945e-001  5.0296113e-002
  4.6880340e-003  5.9445692e-003  5.9479414e-002  1.2869122e-002  9.9726796e-002  1.4620043e-003  8.7085589e-003  2.0566470e-002  3.7089651e-002  1.0065968e-002  3.9387956e-003  1.5304885e-002  2.9837057e-001  4.0283991e-001  1.8945251e-002
  1.5126210e-001  4.4192331e-001  3.3759920e-003  2.8284350e-003  4.6671148e-002  1.2838178e-001  3.5654079e-003  1.1856200e-001  3.2862999e-002  7.9058834e-003  1.3538529e-002  7.7937377e-003  3.4535465e-002  3.8658974e-003  2.9273098e-003
  1.3329424e-003  5.9341317e-004  2.2657803e-003  7.6820762e-001  5.7522632e-002  7.2397870e-003  4.2955778e-002  8.1991993e-003  3.1404834e-002  2.4967839e-003  2.9887559e-002  7.6420196e-004  2.1131782e-002  1.5696107e-002  1.0301585e-002
  1.4725930e-003  1.4127654e-003  1.6561502e-004  8.5883886e-005  2.4159268e-003  1.4005134e-004  9.8561354e-001  4.5357093e-003  1.4093537e-004  1.1769213e-004  2.2086339e-003  3.4910785e-004  6.2805185e-004  9.8878061e-005  6.1461344e-004
  4.0800516e-002  1.6355860e-002  5.9630718e-003  3.6243880e-002  5.3182479e-003  4.1425270e-003  2.4335606e-002  3.9903773e-003  2.1258759e-002  3.8713031e-002  8.2799060e-002  4.0583014e-001  3.7997293e-002  2.2859801e-002  2.5339183e-001
  1.5840129e-001  6.1118241e-002  1.6879646e-001  4.3111716e-002  1.2260300e-001  6.0691834e-002  3.5739832e-003  2.6211879e-002  1.1164976e-001  4.6842228e-003  1.6821486e-001  1.1165086e-002  2.6727242e-002  1.1537351e-002  2.1513073e-002
  6.7960304e-002  2.4760676e-002  1.8395402e-001  2.0668717e-001  6.7204480e-002  2.2227200e-002  5.7062334e-002  1.5801115e-002  5.9479529e-002  3.9459601e-002  1.9691883e-001  6.7508258e-003  6.4062288e-003  3.2994780e-002  1.2332907e-002
  1.1942594e-002  7.1311232e-003  1.2596333e-002  1.5109502e-001  1.6886669e-001  3.3052866e-001  6.4613393e-002  3.1721847e-002  8.1372129e-003  5.9662723e-002  6.7299774e-002  1.0640048e-002  2.5206127e-002  6.7621835e-003  4.3796271e-002
  2.6544631e-003  8.5943758e-004  3.7292949e-003  1.2020331e-003  5.6412600e-003  8.7272757e-004  7.9700757e-001  4.9739535e-003  1.0820039e-002  9.4482675e-003  7.5667696e-002  6.7398719e-002  5.3147156e-003  3.7885874e-003  1.0621236e-002
  2.9011154e-003  7.3957296e-002  3.8747988e-003  2.1011167e-003  8.4625770e-002  1.3252927e-001  2.9884163e-002  4.2021276e-002  2.0966031e-001  9.2572577e-003  4.4772943e-002  6.6898860e-003  4.1868742e-003  2.9711946e-001  5.6418461e-002
  4.3924403e-003  9.1903691e-003  8.3290553e-001  5.7154173e-003  3.4830534e-003  3.9119444e-003  4.9750959e-003  3.4743697e-002  1.0478875e-002  1.3011058e-003  2.1694279e-003  1.2490132e-002  1.4155278e-003  5.5804007e-002  1.7023378e-002
  1.1960599e-001  1.0917470e-002  1.6566624e-001  1.5999014e-001  9.2252251e-003  2.9378862e-002  7.0776282e-003  6.8562606e-003  1.4448588e-001  4.3517442e-002  6.3442855e-003  7.7087558e-002  1.6016387e-001  8.6391208e-003  5.1044017e-002
  4.1271179e-002  7.1732212e-002  2.8279607e-002  4.5841379e-002  6.1482298e-003  1.0584827e-002  5.4341375e-002  2.0781943e-001  1.9871234e-001  6.0765580e-002  2.8868265e-003  1.2302642e-001  9.0165798e-003  1.1062403e-001  2.8949981e-002
  6.9418711e-001  3.7658344e-003  2.6669317e-003  1.3145951e-001  4.5248667e-003  1.6057819e-002  5.5863090e-002  2.0741746e-003  3.0996406e-002  2.0050650e-002  3.1989888e-003  1.2048164e-002  1.9498420e-003  1.7738058e-002  3.4185528e-003
  1.5058857e-002  1.9511595e-002  1.0418405e-002  8.6811977e-002  2.4283096e-002  4.7002350e-002  1.3598716e-001  1.2620767e-002  6.9719397e-003  9.6698279e-003  4.7948162e-003  2.7805557e-001  2.8595081e-001  6.0521184e-002  2.3416417e-003
  3.1067829e-002  1.0777664e-002  1.9946299e-002  1.8432433e-002  4.9342866e-002  5.2544578e-003  1.3480221e-001  6.7456902e-003  2.7688113e-002  5.0552125e-001  1.9193435e-002  2.9964431e-003  2.6230155e-002  6.5261487e-002  7.6739668e-002
  2.6306700e-002  3.4028708e-002  3.0631307e-002  4.3869867e-002  2.3350629e-002  3.8014395e-001  8.5707195e-002  9.3080696e-003  5.0711586e-002  1.1136633e-001  4.3941923e-002  8.0430965e-003  7.0337125e-002  8.8628165e-003  7.3390707e-002
